datetime,open,high,low,close,volume
2025-04-22 16:00:00,145.31,147.71,143.52,144.24,964839.29
2025-04-22 20:00:00,144.24,150.23,143.46,148.79,1157473.203
2025-04-23 00:00:00,148.78,149.47,147.13,149.24,621507.273
2025-04-23 04:00:00,149.24,152.3,148.58,151.58,899298.892
2025-04-23 08:00:00,151.58,153.74,151.0,152.09,888149.692
2025-04-23 12:00:00,152.09,154.21,148.71,151.41,1499295.107
2025-04-23 16:00:00,151.41,152.49,148.94,150.16,590127.94
2025-04-23 20:00:00,150.16,151.82,149.83,151.1,302999.566
2025-04-24 00:00:00,151.1,151.45,147.66,147.76,517099.25
2025-04-24 04:00:00,147.76,149.17,146.95,147.17,426678.601
2025-04-24 08:00:00,147.16,147.8,144.87,147.7,796094.133
2025-04-24 12:00:00,147.7,151.46,147.07,149.34,790217.881
2025-04-24 16:00:00,149.35,152.45,148.84,151.54,660109.668
2025-04-24 20:00:00,151.54,152.9,150.0,152.55,345660.951
2025-04-25 00:00:00,152.55,154.5,150.53,151.74,594679.235
2025-04-25 04:00:00,151.73,155.0,150.73,154.86,500602.292
2025-04-25 08:00:00,154.85,155.02,152.94,154.75,703703.672
2025-04-25 12:00:00,154.75,157.0,152.2,152.94,1379529.65
2025-04-25 16:00:00,152.94,153.24,150.43,151.4,639178.741
2025-04-25 20:00:00,151.39,152.5,149.87,150.82,409074.383
2025-04-26 00:00:00,150.82,153.17,150.82,151.36,328735.587
2025-04-26 04:00:00,151.36,152.35,150.0,151.36,242846.799
2025-04-26 08:00:00,151.36,152.33,148.0,148.51,480272.965
2025-04-26 12:00:00,148.51,149.58,147.75,149.31,378129.548
2025-04-26 16:00:00,149.32,149.46,148.33,149.25,168710.431
2025-04-26 20:00:00,149.24,149.66,148.34,149.21,168110.55
2025-04-27 00:00:00,149.22,150.41,146.07,147.55,452255.799
2025-04-27 04:00:00,147.56,147.88,145.51,147.43,247164.955
2025-04-27 08:00:00,147.43,148.77,147.35,147.95,172654.461
2025-04-27 12:00:00,147.96,149.75,147.0,149.01,327987.42
2025-04-27 16:00:00,149.02,150.25,148.2,150.03,194099.476
2025-04-27 20:00:00,150.02,150.1,147.83,147.98,205815.78
2025-04-28 00:00:00,147.97,149.6,144.63,148.39,624877.046
2025-04-28 04:00:00,148.38,151.5,148.38,151.09,346144.631
2025-04-28 08:00:00,151.09,153.4,148.97,151.7,991977.086
2025-04-28 12:00:00,151.69,151.84,145.54,146.34,782658.061
2025-04-28 16:00:00,146.33,148.88,145.38,148.43,487674.722
2025-04-28 20:00:00,148.42,148.45,146.54,147.84,274618.899
2025-04-29 00:00:00,147.84,149.21,146.92,147.47,418937.589
2025-04-29 04:00:00,147.46,148.96,145.55,148.88,356386.869
2025-04-29 08:00:00,148.88,149.5,147.61,149.0,379431.688
2025-04-29 12:00:00,148.99,149.24,146.86,148.02,427607.843
2025-04-29 16:00:00,148.01,150.39,147.7,149.29,424733.728
2025-04-29 20:00:00,149.28,149.52,145.0,146.31,491894.775
2025-04-30 00:00:00,146.3,148.67,145.06,148.17,425773.738
2025-04-30 04:00:00,148.17,148.38,146.11,146.4,247386.191
2025-04-30 08:00:00,146.39,148.0,146.04,147.94,175650.937
2025-04-30 12:00:00,147.93,147.99,140.32,142.22,1056793.852
2025-04-30 16:00:00,142.21,146.06,141.37,145.62,490311.415
2025-04-30 20:00:00,145.62,148.12,145.36,147.54,384900.23
2025-05-01 00:00:00,147.54,149.62,147.54,148.71,361054.475
2025-05-01 04:00:00,148.71,150.25,147.99,149.8,333269.484
2025-05-01 08:00:00,149.79,152.47,149.56,151.75,486460.951
2025-05-01 12:00:00,151.75,153.99,150.62,151.8,867442.077
2025-05-01 16:00:00,151.8,152.86,150.04,150.26,775061.065
2025-05-01 20:00:00,150.26,150.96,149.87,150.85,213993.402
2025-05-02 00:00:00,150.85,151.72,149.99,150.78,371032.51
2025-05-02 04:00:00,150.78,151.05,148.37,148.52,412808.32
2025-05-02 08:00:00,148.52,150.81,148.4,150.73,241501.893
2025-05-02 12:00:00,150.72,151.91,149.28,149.88,557526.504
2025-05-02 16:00:00,149.89,151.43,147.7,148.08,414267.28
2025-05-02 20:00:00,148.09,148.65,147.3,148.05,219126.566
2025-05-03 00:00:00,148.04,149.05,147.52,148.3,210266.37
2025-05-03 04:00:00,148.3,148.58,147.38,148.08,176952.341
2025-05-03 08:00:00,148.08,148.4,146.68,147.14,303702.758
2025-05-03 12:00:00,147.14,149.0,147.13,148.46,307870.686
2025-05-03 16:00:00,148.47,148.47,145.82,147.42,266722.962
2025-05-03 20:00:00,147.42,147.91,146.63,146.71,141068.443
2025-05-04 00:00:00,146.71,147.71,145.5,145.61,190012.87
2025-05-04 04:00:00,145.61,146.54,145.17,145.62,235365.637
2025-05-04 08:00:00,145.62,146.01,144.68,145.45,388439.088
2025-05-04 12:00:00,145.46,147.27,144.94,146.84,241870.325
2025-05-04 16:00:00,146.83,147.81,146.0,146.18,250358.408
2025-05-04 20:00:00,146.18,147.14,143.5,143.95,307312.225
2025-05-05 00:00:00,143.94,145.44,142.5,144.91,355187.502
2025-05-05 04:00:00,144.91,147.36,144.89,146.88,276946.352
2025-05-05 08:00:00,146.88,147.05,143.56,144.19,274401.447
2025-05-05 12:00:00,144.18,145.42,143.16,143.76,388956.856
2025-05-05 16:00:00,143.76,147.14,143.68,146.48,407143.464
2025-05-05 20:00:00,146.48,147.73,144.95,146.72,328360.18
2025-05-06 00:00:00,146.72,146.83,143.8,144.63,367296.356
2025-05-06 04:00:00,144.63,145.88,144.32,145.28,204464.029
2025-05-06 08:00:00,145.27,145.28,142.0,142.57,424425.083
2025-05-06 12:00:00,142.57,143.96,141.41,143.18,462147.178
2025-05-06 16:00:00,143.18,145.28,142.42,144.85,381449.415
2025-05-06 20:00:00,144.85,147.23,143.52,146.88,512528.874
2025-05-07 00:00:00,146.89,149.54,145.43,146.24,576871.733
2025-05-07 04:00:00,146.23,147.32,145.43,147.27,197765.439
2025-05-07 08:00:00,147.27,148.29,146.93,147.59,275188.956
2025-05-07 12:00:00,147.6,147.74,145.43,145.75,380726.041
2025-05-07 16:00:00,145.75,147.34,144.68,145.77,525191.445
2025-05-07 20:00:00,145.77,148.35,145.48,147.32,484822.67
2025-05-08 00:00:00,147.32,151.19,147.08,150.87,586318.16
2025-05-08 04:00:00,150.88,151.97,149.97,151.57,786307.046
2025-05-08 08:00:00,151.57,155.28,151.53,154.57,695506.267
2025-05-08 12:00:00,154.57,163.18,154.18,160.24,1803513.916
2025-05-08 16:00:00,160.23,161.07,158.52,160.53,1104587.546
2025-05-08 20:00:00,160.54,164.6,159.75,164.46,1064389.683
2025-05-09 00:00:00,164.46,164.46,161.34,161.37,644843.302
2025-05-09 04:00:00,161.37,166.91,161.07,165.08,826538.8
2025-05-09 08:00:00,165.08,176.15,164.3,172.32,2367640.729
2025-05-09 12:00:00,172.33,173.44,167.36,170.75,1428271.654
2025-05-09 16:00:00,170.76,172.58,168.59,171.89,672993.851
2025-05-09 20:00:00,171.9,173.81,171.15,172.78,378286.313
2025-05-10 00:00:00,172.77,175.19,170.66,171.59,449443.818
2025-05-10 04:00:00,171.59,172.54,169.76,172.32,387316.261
2025-05-10 08:00:00,172.32,173.4,168.72,169.0,671046.586
2025-05-10 12:00:00,169.0,172.03,169.0,171.07,415046.499
2025-05-10 16:00:00,171.07,173.83,170.86,172.22,523576.162
2025-05-10 20:00:00,172.22,178.98,171.41,177.89,893271.853
2025-05-11 00:00:00,177.89,180.26,172.92,175.86,1151356.383
2025-05-11 04:00:00,175.86,177.7,172.29,172.6,476338.515
2025-05-11 08:00:00,172.61,175.04,172.58,174.76,320930.122
2025-05-11 12:00:00,174.76,175.22,169.35,170.48,582839.69
2025-05-11 16:00:00,170.48,173.43,169.4,172.73,419532.052
2025-05-11 20:00:00,172.72,173.85,171.26,173.19,259732.758
2025-05-12 00:00:00,173.2,176.88,171.74,174.9,698943.076
2025-05-12 04:00:00,174.9,179.79,173.63,176.09,1397760.785
2025-05-12 08:00:00,176.08,177.01,173.64,174.11,791743.579
2025-05-12 12:00:00,174.1,181.46,174.0,174.4,1841197.937
2025-05-12 16:00:00,174.39,176.67,168.31,171.22,1132361.922
2025-05-12 20:00:00,171.22,174.81,170.41,174.22,383725.678
2025-05-13 00:00:00,174.22,174.38,166.94,166.97,725687.793
2025-05-13 04:00:00,166.98,172.44,166.18,171.49,531456.72
2025-05-13 08:00:00,171.49,175.15,170.93,174.0,444451.876
2025-05-13 12:00:00,174.0,176.31,172.11,176.09,968525.19
2025-05-13 16:00:00,176.08,184.45,175.72,182.05,1184464.876
2025-05-13 20:00:00,182.05,184.83,180.35,183.75,732456.943
2025-05-14 00:00:00,183.75,184.88,179.11,180.28,892108.183
2025-05-14 04:00:00,180.28,183.99,179.86,181.72,537256.044
2025-05-14 08:00:00,181.73,182.62,177.57,181.06,708105.908
2025-05-14 12:00:00,181.06,181.89,175.6,177.35,766121.297
2025-05-14 16:00:00,177.34,177.68,173.23,177.06,482846.691
2025-05-14 20:00:00,177.07,177.69,175.22,176.64,232717.13
2025-05-15 00:00:00,176.63,178.33,174.06,174.06,426083.866
2025-05-15 04:00:00,174.06,175.29,169.76,170.4,515629.439
2025-05-15 08:00:00,170.4,173.06,168.67,171.09,491536.874
2025-05-15 12:00:00,171.08,172.84,166.98,172.23,967334.357
2025-05-15 16:00:00,172.23,174.49,167.72,169.76,630724.358
2025-05-15 20:00:00,169.77,170.66,166.7,169.16,514728.83
2025-05-16 00:00:00,169.16,173.68,168.69,172.62,601701.173
2025-05-16 04:00:00,172.62,173.52,170.98,172.13,325723.391
2025-05-16 08:00:00,172.13,174.21,169.35,172.81,470266.696
2025-05-16 12:00:00,172.82,174.2,170.85,172.08,572666.991
2025-05-16 16:00:00,172.09,172.72,169.73,171.44,338527.912
2025-05-16 20:00:00,171.43,171.43,166.36,167.4,457500.508
2025-05-17 00:00:00,167.4,168.65,164.01,168.26,718454.782
2025-05-17 04:00:00,168.26,169.99,166.97,168.55,308739.525
2025-05-17 08:00:00,168.55,169.38,166.71,167.6,308673.825
2025-05-17 12:00:00,167.6,168.23,165.82,167.31,246994.126
2025-05-17 16:00:00,167.31,167.52,164.4,165.25,355959.501
2025-05-17 20:00:00,165.25,167.93,164.36,165.94,323299.947
2025-05-18 00:00:00,165.94,167.9,165.85,166.9,257060.17
2025-05-18 04:00:00,166.91,170.72,166.88,170.68,291793.914
2025-05-18 08:00:00,170.68,172.0,170.56,170.79,274171.724
2025-05-18 12:00:00,170.78,176.67,170.2,176.26,564060.339
2025-05-18 16:00:00,176.26,176.77,166.51,166.65,956928.492
2025-05-18 20:00:00,166.64,174.28,164.54,173.3,850596.297
2025-05-19 00:00:00,173.3,173.94,165.0,165.35,833700.651
2025-05-19 04:00:00,165.35,166.84,159.44,161.89,1070074.648
2025-05-19 08:00:00,161.9,162.7,160.44,162.19,450687.283
2025-05-19 12:00:00,162.19,164.76,160.16,164.21,704323.095
2025-05-19 16:00:00,164.2,167.39,162.78,166.61,655781.865
2025-05-19 20:00:00,166.6,167.8,165.14,166.86,361785.202
2025-05-20 00:00:00,166.87,173.11,166.78,169.19,939665.023
2025-05-20 04:00:00,169.18,170.64,167.08,167.34,438612.635
2025-05-20 08:00:00,167.35,168.14,165.23,166.47,412925.344
2025-05-20 12:00:00,166.46,167.36,164.51,166.64,465567.783
2025-05-20 16:00:00,166.63,169.13,164.56,168.17,493020.493
2025-05-20 20:00:00,168.16,169.38,166.26,168.59,385629.148
2025-05-21 00:00:00,168.59,170.92,166.78,169.97,564366.717
2025-05-21 04:00:00,169.97,171.76,168.32,168.85,588141.319
2025-05-21 08:00:00,168.85,169.64,167.35,169.34,293404.644
2025-05-21 12:00:00,169.33,173.65,168.37,172.17,881814.372
2025-05-21 16:00:00,172.17,174.95,165.51,171.14,1367771.005
2025-05-21 20:00:00,171.14,175.99,169.12,173.53,705112.343
2025-05-22 00:00:00,173.54,177.52,172.59,176.82,829467.629
2025-05-22 04:00:00,176.83,178.79,175.26,178.49,658437.282
2025-05-22 08:00:00,178.49,180.87,177.16,178.08,767226.679
2025-05-22 12:00:00,178.07,179.89,176.94,179.02,652369.756
2025-05-22 16:00:00,179.03,180.36,177.5,177.85,417292.692
2025-05-22 20:00:00,177.86,180.02,177.31,179.68,283428.824
2025-05-23 00:00:00,179.68,185.4,179.28,185.0,1011102.678
2025-05-23 04:00:00,185.01,185.32,179.99,182.55,682046.52
2025-05-23 08:00:00,182.56,187.71,177.1,177.91,1214646.339
2025-05-23 12:00:00,177.91,183.76,173.29,180.66,1875739.145
2025-05-23 16:00:00,180.67,182.25,178.41,179.14,658649.745
2025-05-23 20:00:00,179.13,179.26,173.23,174.01,670726.349
2025-05-24 00:00:00,174.0,176.02,172.5,175.11,567108.51
2025-05-24 04:00:00,175.11,176.39,173.46,173.92,396774.621
2025-05-24 08:00:00,173.93,178.33,173.24,176.9,493749.295
2025-05-24 12:00:00,176.89,177.13,175.05,176.31,333992.827
2025-05-24 16:00:00,176.32,177.68,175.31,177.14,246176.007
2025-05-24 20:00:00,177.14,177.91,175.35,175.87,280163.761
2025-05-25 00:00:00,175.87,176.88,170.36,173.64,655947.136
2025-05-25 04:00:00,173.64,174.41,171.88,172.34,250997.175
2025-05-25 08:00:00,172.35,172.36,170.13,171.98,509827.658
2025-05-25 12:00:00,171.99,172.66,169.14,170.29,453529.841
2025-05-25 16:00:00,170.29,172.77,169.18,172.52,277011.47
2025-05-25 20:00:00,172.53,175.91,170.96,175.74,383050.579
2025-05-26 00:00:00,175.75,177.83,175.04,177.01,561576.419
2025-05-26 04:00:00,177.02,179.02,176.6,178.16,377490.685
2025-05-26 08:00:00,178.15,178.36,176.42,177.91,301608.628
2025-05-26 12:00:00,177.91,178.8,175.89,177.49,394598.5
2025-05-26 16:00:00,177.49,178.06,173.48,174.05,370308.058
2025-05-26 20:00:00,174.05,176.04,173.64,174.91,209142.506
2025-05-27 00:00:00,174.92,175.79,171.24,173.51,442931.777
2025-05-27 04:00:00,173.5,175.9,172.5,175.46,310159.399
2025-05-27 08:00:00,175.47,177.17,175.01,176.8,325899.007
2025-05-27 12:00:00,176.8,179.41,175.02,178.44,784277.643
2025-05-27 16:00:00,178.45,179.3,177.43,177.5,421320.612
2025-05-27 20:00:00,177.51,178.64,175.42,176.71,283920.93
2025-05-28 00:00:00,176.72,177.45,174.22,175.12,378541.176
2025-05-28 04:00:00,175.13,175.33,173.7,173.89,241431.686
2025-05-28 08:00:00,173.9,174.53,172.86,174.51,324581.336
2025-05-28 12:00:00,174.52,175.13,168.92,169.7,873313.272
2025-05-28 16:00:00,169.71,172.03,169.13,169.42,468085.791
2025-05-28 20:00:00,169.42,172.66,169.23,172.21,248707.616
2025-05-29 00:00:00,172.22,175.34,171.35,173.7,553385.443
2025-05-29 04:00:00,173.69,173.95,170.12,172.23,326839.235
2025-05-29 08:00:00,172.23,173.46,171.64,172.88,251627.217
2025-05-29 12:00:00,172.87,172.92,169.03,169.75,598886.916
2025-05-29 16:00:00,169.76,170.3,166.03,166.84,638605.666
2025-05-29 20:00:00,166.83,168.55,165.96,166.71,272445.491
2025-05-30 00:00:00,166.71,167.51,160.13,165.16,870221.324
2025-05-30 04:00:00,165.15,165.86,162.57,162.68,449616.335
2025-05-30 08:00:00,162.68,164.16,161.48,163.83,471072.652
2025-05-30 12:00:00,163.83,163.96,160.1,161.23,615158.386
2025-05-30 16:00:00,161.23,161.77,156.01,160.81,854414.851
2025-05-30 20:00:00,160.81,161.03,155.22,156.2,509795.964
2025-05-31 00:00:00,156.2,157.24,152.14,154.16,765681.06
2025-05-31 04:00:00,154.15,155.86,153.03,154.84,240770.021
2025-05-31 08:00:00,154.85,155.26,152.62,152.92,320380.365
2025-05-31 12:00:00,152.92,156.77,152.57,155.63,468158.657
2025-05-31 16:00:00,155.64,157.97,155.19,157.52,332668.951
2025-05-31 20:00:00,157.53,158.01,156.31,156.45,224598.698
2025-06-01 00:00:00,156.45,156.73,153.4,154.72,317942.344
2025-06-01 04:00:00,154.72,155.94,154.14,154.45,192199.525
2025-06-01 08:00:00,154.45,154.64,150.59,152.05,453558.121
2025-06-01 12:00:00,152.05,154.57,150.66,154.17,309017.595
2025-06-01 16:00:00,154.18,156.73,153.47,155.89,510490.716
2025-06-01 20:00:00,155.88,157.92,155.18,157.68,258922.74
2025-06-02 00:00:00,157.68,158.93,155.36,155.46,379930.487
2025-06-02 04:00:00,155.46,156.73,154.66,155.55,284845.699
2025-06-02 08:00:00,155.54,156.55,152.95,153.45,492813.738
2025-06-02 12:00:00,153.44,154.5,151.67,153.16,577659.613
2025-06-02 16:00:00,153.16,155.13,151.77,152.95,389282.236
2025-06-02 20:00:00,152.96,157.24,152.92,156.83,377520.418
2025-06-03 00:00:00,156.83,162.38,156.39,159.44,768092.556
2025-06-03 04:00:00,159.45,160.2,158.22,159.82,261021.457
2025-06-03 08:00:00,159.83,161.65,158.28,160.56,374046.947
2025-06-03 12:00:00,160.56,163.64,159.44,162.2,594658.998
2025-06-03 16:00:00,162.21,162.41,159.98,160.56,328225.45
2025-06-03 20:00:00,160.56,160.59,154.14,155.19,523539.737
2025-06-04 00:00:00,155.19,157.63,154.18,156.56,418735.688
2025-06-04 04:00:00,156.57,157.02,155.72,156.42,178183.765
2025-06-04 08:00:00,156.42,157.92,155.72,155.92,245382.814
2025-06-04 12:00:00,155.92,157.97,154.58,157.13,401742.744
2025-06-04 16:00:00,157.13,157.57,155.28,155.37,239970.463
2025-06-04 20:00:00,155.36,155.59,152.94,153.26,506630.95
2025-06-05 00:00:00,153.27,154.61,153.0,153.83,320665.732
2025-06-05 04:00:00,153.84,154.15,151.9,152.44,761586.149
2025-06-05 08:00:00,152.44,153.04,151.28,152.37,322959.042
2025-06-05 12:00:00,152.38,154.41,148.54,150.9,833077.738
2025-06-05 16:00:00,150.9,151.11,144.15,146.2,985248.608
2025-06-05 20:00:00,146.2,146.6,141.53,144.29,1034503.806
2025-06-06 00:00:00,144.28,146.85,144.11,146.84,359753.145
2025-06-06 04:00:00,146.84,148.25,146.65,147.4,314776.104
2025-06-06 08:00:00,147.4,149.61,147.24,149.1,331158.082
2025-06-06 12:00:00,149.11,152.39,149.11,151.08,652005.603
2025-06-06 16:00:00,151.09,151.56,148.46,149.09,326373.539
2025-06-06 20:00:00,149.1,149.97,147.68,147.83,183724.641
2025-06-07 00:00:00,147.82,149.71,146.84,149.46,242735.582
2025-06-07 04:00:00,149.47,152.84,148.99,152.38,300726.678
2025-06-07 08:00:00,152.37,152.72,151.23,151.45,179152.49
2025-06-07 12:00:00,151.45,152.42,150.71,150.99,318207.437
2025-06-07 16:00:00,151.0,151.61,150.15,150.58,210222.573
2025-06-07 20:00:00,150.57,151.49,149.76,150.06,157159.855
2025-06-08 00:00:00,150.07,150.35,149.15,149.85,219074.514
2025-06-08 04:00:00,149.85,150.51,149.13,149.31,138677.605
2025-06-08 08:00:00,149.3,149.71,147.88,149.62,232937.473
2025-06-08 12:00:00,149.62,151.19,149.02,150.7,225287.801
2025-06-08 16:00:00,150.69,154.52,150.64,154.46,433260.695
2025-06-08 20:00:00,154.47,155.3,152.13,152.45,314762.278
2025-06-09 00:00:00,152.45,153.17,150.79,151.54,288776.062
2025-06-09 04:00:00,151.54,151.87,149.58,150.88,272080.358
2025-06-09 08:00:00,150.87,156.61,150.4,155.62,727822.673
2025-06-09 12:00:00,155.62,155.83,153.07,155.02,541305.262
2025-06-09 16:00:00,155.02,157.01,155.0,155.75,538679.122
2025-06-09 20:00:00,155.76,161.73,155.72,161.16,711064.788
2025-06-10 00:00:00,161.16,161.82,158.69,159.17,373703.071
2025-06-10 04:00:00,159.18,159.61,157.4,158.45,343045.127
2025-06-10 08:00:00,158.46,161.51,157.15,160.85,537599.279
2025-06-10 12:00:00,160.85,161.99,156.32,158.02,717430.019
2025-06-10 16:00:00,158.03,165.48,157.1,163.61,982700.13
2025-06-10 20:00:00,163.61,165.67,162.86,165.12,635081.537
2025-06-11 00:00:00,165.12,167.46,163.43,166.67,766347.637
2025-06-11 04:00:00,166.67,167.15,164.35,166.65,437800.647
2025-06-11 08:00:00,166.65,167.19,164.0,164.5,533461.191
2025-06-11 12:00:00,164.5,168.36,163.73,167.26,1038023.646
2025-06-11 16:00:00,167.27,167.44,162.39,162.64,656756.969
2025-06-11 20:00:00,162.64,163.86,159.21,160.97,587034.909
2025-06-12 00:00:00,160.98,161.28,159.28,159.87,426395.638
2025-06-12 04:00:00,159.87,160.56,158.28,158.8,328952.692
2025-06-12 08:00:00,158.8,159.92,157.42,157.72,455771.482
2025-06-12 12:00:00,157.72,160.64,156.44,157.02,613689.262
2025-06-12 16:00:00,157.02,160.46,154.5,154.84,487995.614
2025-06-12 20:00:00,154.84,155.47,152.02,152.32,570671.997
2025-06-13 00:00:00,152.32,152.59,140.21,144.76,2280448.408
2025-06-13 04:00:00,144.76,145.46,142.58,145.02,711498.216
2025-06-13 08:00:00,145.02,146.67,143.66,145.45,672915.64
2025-06-13 12:00:00,145.45,147.78,143.92,147.18,730693.916
2025-06-13 16:00:00,147.18,148.52,144.3,145.17,627940.565
2025-06-13 20:00:00,145.17,148.94,144.75,148.6,316286.038
2025-06-14 00:00:00,148.6,148.7,146.42,146.71,303413.942
2025-06-14 04:00:00,146.71,147.15,145.54,146.18,221756.179
2025-06-14 08:00:00,146.17,146.21,144.93,145.86,192168.769
2025-06-14 12:00:00,145.85,145.95,143.8,144.54,340759.98
2025-06-14 16:00:00,144.53,145.11,142.92,143.5,341155.243
2025-06-14 20:00:00,143.51,145.01,141.97,144.64,280740.638
2025-06-15 00:00:00,144.65,146.05,144.6,145.75,195420.068
2025-06-15 04:00:00,145.75,148.1,145.68,145.87,365597.827
2025-06-15 08:00:00,145.87,146.71,144.22,146.36,297480.129
2025-06-15 12:00:00,146.35,152.97,146.16,150.84,928987.126
2025-06-15 16:00:00,150.84,153.54,150.18,152.23,516532.463
2025-06-15 20:00:00,152.23,153.0,148.15,152.97,527982.003
2025-06-16 00:00:00,152.97,157.41,150.99,155.58,938467.777
2025-06-16 04:00:00,155.59,157.95,155.51,157.28,419157.505
2025-06-16 08:00:00,157.27,157.5,154.81,156.48,519194.024
2025-06-16 12:00:00,156.48,157.78,154.68,156.58,575446.561
2025-06-16 16:00:00,156.58,158.8,156.35,157.79,403163.621
2025-06-16 20:00:00,157.8,157.86,150.3,150.72,717767.297
2025-06-17 00:00:00,150.73,153.98,147.47,153.36,887864.701
2025-06-17 04:00:00,153.37,154.33,151.91,152.67,362748.302
2025-06-17 08:00:00,152.67,152.9,150.18,150.53,427122.512
2025-06-17 12:00:00,150.53,151.43,146.52,147.62,634730.455
2025-06-17 16:00:00,147.62,150.39,145.61,148.87,705640.21
2025-06-17 20:00:00,148.87,149.25,146.26,147.57,377542.679
2025-06-18 00:00:00,147.58,149.1,146.54,148.37,348215.558
2025-06-18 04:00:00,148.38,149.28,146.89,147.99,334984.172
2025-06-18 08:00:00,147.99,148.56,145.34,146.52,359523.159
2025-06-18 12:00:00,146.52,146.77,143.76,145.74,698361.506
2025-06-18 16:00:00,145.74,146.51,143.65,144.71,633743.727
2025-06-18 20:00:00,144.71,147.92,144.09,146.34,426080.858
2025-06-19 00:00:00,146.35,147.9,144.96,146.58,395349.138
2025-06-19 04:00:00,146.58,147.16,145.0,145.07,483704.797
2025-06-19 08:00:00,145.08,146.5,144.85,145.09,282924.398
2025-06-19 12:00:00,145.1,145.5,142.92,143.16,461435.515
2025-06-19 16:00:00,143.16,146.04,143.11,145.48,364892.127
2025-06-19 20:00:00,145.48,147.45,145.03,147.04,297029.754
2025-06-20 00:00:00,147.04,147.54,145.41,145.44,232426.675
2025-06-20 04:00:00,145.45,147.78,144.3,147.47,258030.337
2025-06-20 08:00:00,147.48,148.81,146.91,148.17,407145.424
2025-06-20 12:00:00,148.17,148.37,142.35,142.86,652353.824
2025-06-20 16:00:00,142.86,143.0,135.69,139.82,1542973.264
2025-06-20 20:00:00,139.81,141.71,138.67,140.11,300397.685
2025-06-21 00:00:00,140.11,141.34,139.54,140.76,259040.426
2025-06-21 04:00:00,140.75,140.98,139.85,140.64,158434.193
2025-06-21 08:00:00,140.64,142.6,140.29,142.08,366231.727
2025-06-21 12:00:00,142.08,142.46,139.15,140.3,444706.75
2025-06-21 16:00:00,140.29,141.05,137.22,137.28,542044.57
2025-06-21 20:00:00,137.29,138.9,130.9,135.43,1055966.477
2025-06-22 00:00:00,135.43,137.62,133.24,135.11,708682.132
2025-06-22 04:00:00,135.12,136.5,134.6,134.82,309529.393
2025-06-22 08:00:00,134.82,135.36,131.95,133.25,370187.075
2025-06-22 12:00:00,133.26,133.88,126.51,128.55,1524658.349
2025-06-22 16:00:00,128.56,131.48,128.29,129.06,462495.192
2025-06-22 20:00:00,129.07,132.56,126.0,131.71,876567.882
2025-06-23 00:00:00,131.71,133.53,131.53,132.67,452520.918
2025-06-23 04:00:00,132.67,135.01,132.35,134.38,358384.775
2025-06-23 08:00:00,134.38,134.88,133.25,134.09,260737.337
2025-06-23 12:00:00,134.1,137.5,132.91,133.43,939109.236
2025-06-23 16:00:00,133.44,140.27,130.68,139.79,1365362.733
2025-06-23 20:00:00,139.79,146.92,139.21,144.51,1197032.668
2025-06-24 00:00:00,144.51,144.77,142.31,143.24,411388.604
2025-06-24 04:00:00,143.23,146.77,142.84,144.01,550150.127
2025-06-24 08:00:00,144.01,145.81,143.02,144.57,468516.736
2025-06-24 12:00:00,144.56,145.7,143.44,144.31,550064.717
2025-06-24 16:00:00,144.31,146.62,142.84,143.61,481214.156
2025-06-24 20:00:00,143.61,145.96,143.19,145.92,280474.746
2025-06-25 00:00:00,145.93,146.9,145.02,145.52,285609.18
2025-06-25 04:00:00,145.51,147.49,144.88,147.01,294235.674
2025-06-25 08:00:00,147.01,147.13,145.03,146.26,347865.258
2025-06-25 12:00:00,146.26,147.95,143.12,143.69,717721.415
2025-06-25 16:00:00,143.7,144.74,142.82,144.74,339449.357
2025-06-25 20:00:00,144.74,145.61,142.25,143.57,248721.025
2025-06-26 00:00:00,143.57,148.0,143.43,145.9,391115.194
2025-06-26 04:00:00,145.91,146.07,144.02,145.15,313216.464
2025-06-26 08:00:00,145.16,145.81,143.2,143.65,310581.216
2025-06-26 12:00:00,143.65,143.96,141.41,143.0,569500.52
2025-06-26 16:00:00,143.0,143.24,140.89,142.29,359222.786
2025-06-26 20:00:00,142.28,143.96,138.62,139.06,578871.762
2025-06-27 00:00:00,139.05,141.58,137.14,141.36,486476.143
2025-06-27 04:00:00,141.37,142.22,140.18,140.33,272399.69
2025-06-27 08:00:00,140.33,142.8,140.32,142.15,332706.693
2025-06-27 12:00:00,142.15,143.85,141.15,143.47,456334.695
2025-06-27 16:00:00,143.47,144.85,140.12,141.78,525963.654
2025-06-27 20:00:00,141.77,143.36,141.63,142.09,397966.275
2025-06-28 00:00:00,142.09,143.55,141.13,143.4,295491.488
2025-06-28 04:00:00,143.39,146.81,143.08,146.57,417061.842
2025-06-28 08:00:00,146.56,147.62,145.61,147.15,673383.914
2025-06-28 12:00:00,147.14,148.67,145.87,148.17,356111.129
2025-06-28 16:00:00,148.16,152.7,148.1,150.67,729669.414
2025-06-28 20:00:00,150.67,151.37,150.04,150.72,186118.895
2025-06-29 00:00:00,150.73,151.08,149.42,149.47,321242.27
2025-06-29 04:00:00,149.47,150.33,149.36,150.32,168449.037
2025-06-29 08:00:00,150.33,152.24,149.93,151.68,318094.461
2025-06-29 12:00:00,151.68,152.55,150.72,150.75,353539.037
2025-06-29 16:00:00,150.76,152.24,149.72,151.18,291991.889
2025-06-29 20:00:00,151.19,154.77,150.35,153.32,696709.478
2025-06-30 00:00:00,153.32,154.08,151.26,151.77,451430.28
2025-06-30 04:00:00,151.77,152.02,149.7,150.64,349802.726
2025-06-30 08:00:00,150.63,151.07,149.45,150.38,307902.961
2025-06-30 12:00:00,150.38,159.99,149.67,157.83,1504747.342
2025-06-30 16:00:00,157.83,158.46,155.32,157.77,860505.414
2025-06-30 20:00:00,157.77,157.8,154.5,154.81,397001.612
2025-07-01 00:00:00,154.82,155.64,153.17,153.94,340192.158
2025-07-01 04:00:00,153.93,153.93,148.82,150.07,644254.074
2025-07-01 08:00:00,150.06,150.07,148.14,148.84,470324.364
2025-07-01 12:00:00,148.85,149.29,146.24,147.22,614792.649
2025-07-01 16:00:00,147.22,148.45,145.33,145.46,447403.103
2025-07-01 20:00:00,145.46,147.02,144.85,146.88,253895.826
2025-07-02 00:00:00,146.87,149.25,145.85,148.87,291945.51
2025-07-02 04:00:00,148.86,149.92,148.32,149.09,247056.613
2025-07-02 08:00:00,149.1,149.99,148.39,148.62,287353.961
2025-07-02 12:00:00,148.61,151.58,147.12,151.31,668722.473
2025-07-02 16:00:00,151.31,153.64,150.33,153.02,805466.996
2025-07-02 20:00:00,153.02,154.47,151.97,152.27,352028.726
2025-07-03 00:00:00,152.28,154.02,151.77,153.42,284069.238
2025-07-03 04:00:00,153.41,155.95,153.22,155.61,427649.297
2025-07-03 08:00:00,155.61,156.35,154.13,154.53,355566.232
2025-07-03 12:00:00,154.53,155.26,149.86,150.18,1053851.969
2025-07-03 16:00:00,150.18,152.04,149.91,151.81,331389.902
2025-07-03 20:00:00,151.81,153.26,151.81,152.36,233691.567
2025-07-04 00:00:00,152.35,153.16,150.9,151.69,219950.28
2025-07-04 04:00:00,151.7,153.88,150.27,150.48,442284.744
2025-07-04 08:00:00,150.48,150.98,149.02,150.21,336622.39
2025-07-04 12:00:00,150.22,151.25,146.29,146.57,618399.498
2025-07-04 16:00:00,146.56,147.0,145.22,146.72,427611.217
2025-07-04 20:00:00,146.73,148.37,146.37,147.7,263218.607
2025-07-05 00:00:00,147.69,148.56,147.2,147.75,162640.995
2025-07-05 04:00:00,147.76,148.52,146.72,147.86,231282.311
2025-07-05 08:00:00,147.85,148.55,146.81,148.18,216066.192
2025-07-05 12:00:00,148.19,148.7,147.05,147.12,186496.906
2025-07-05 16:00:00,147.11,147.26,145.9,146.89,261454.233
2025-07-05 20:00:00,146.89,148.02,146.47,147.55,116023.223
2025-07-06 00:00:00,147.55,147.65,146.85,147.35,132096.927
2025-07-06 04:00:00,147.35,148.5,147.08,147.9,191658.793
2025-07-06 08:00:00,147.89,148.04,146.78,147.98,147586.586
2025-07-06 12:00:00,147.99,152.09,147.86,151.53,978174.8
2025-07-06 16:00:00,151.53,153.2,150.68,151.27,643531.546
2025-07-06 20:00:00,151.28,153.89,151.23,151.86,393811.066
2025-07-07 00:00:00,151.86,152.9,150.24,151.86,261498.31
2025-07-07 04:00:00,151.86,152.45,150.89,152.38,252161.335
2025-07-07 08:00:00,152.37,153.6,151.65,152.78,263725.757
2025-07-07 12:00:00,152.79,153.43,151.02,151.07,420369.75
2025-07-07 16:00:00,151.07,151.59,148.63,148.97,561944.671
2025-07-07 20:00:00,148.96,148.96,147.7,148.88,415027.9
2025-07-08 00:00:00,148.89,150.1,147.85,148.64,291723.602
2025-07-08 04:00:00,148.64,149.75,148.2,149.66,195490.528
2025-07-08 08:00:00,149.65,151.67,149.54,151.31,485861.394
2025-07-08 12:00:00,151.31,152.88,149.77,149.83,606860.361
2025-07-08 16:00:00,149.84,152.83,149.03,151.63,610032.824
2025-07-08 20:00:00,151.63,151.94,150.0,151.67,522900.614
2025-07-09 00:00:00,151.68,152.34,151.06,151.29,203649.988
2025-07-09 04:00:00,151.29,153.88,150.53,153.01,568484.501
2025-07-09 08:00:00,153.01,154.43,152.33,153.73,301686.929
2025-07-09 12:00:00,153.74,155.53,152.87,153.97,744915.802
2025-07-09 16:00:00,153.98,157.86,153.23,157.27,623183.791
2025-07-09 20:00:00,157.26,157.93,155.46,157.05,465298.737
2025-07-10 00:00:00,157.06,159.34,155.93,157.35,337576.402
2025-07-10 04:00:00,157.35,158.63,156.67,157.89,307194.328
2025-07-10 08:00:00,157.9,159.17,157.16,157.65,242425.44
2025-07-10 12:00:00,157.66,158.37,155.64,156.43,522859.232
2025-07-10 16:00:00,156.44,161.18,156.16,159.34,1013216.636
2025-07-10 20:00:00,159.34,165.43,159.23,164.34,1005110.311
2025-07-11 00:00:00,164.33,165.4,161.94,165.22,518721.559
2025-07-11 04:00:00,165.22,166.8,163.14,163.27,756764.8
2025-07-11 08:00:00,163.28,165.38,163.28,163.87,412025.879
2025-07-11 12:00:00,163.88,168.2,161.78,162.34,1345966.159
2025-07-11 16:00:00,162.34,165.03,161.27,164.58,703844.235
2025-07-11 20:00:00,164.58,164.83,159.54,162.93,616857.081
2025-07-12 00:00:00,162.92,163.9,161.78,163.45,283317.854
2025-07-12 04:00:00,163.46,163.84,162.03,163.22,231949.412
2025-07-12 08:00:00,163.21,163.43,161.41,161.62,253373.539
2025-07-12 12:00:00,161.62,161.81,157.74,158.14,826526.974
2025-07-12 16:00:00,158.14,160.75,157.93,160.71,289431.522
2025-07-12 20:00:00,160.71,160.94,158.94,160.69,158612.641
2025-07-13 00:00:00,160.7,161.78,160.2,161.21,206427.796
2025-07-13 04:00:00,161.21,162.98,161.04,162.67,240939.832
2025-07-13 08:00:00,162.67,162.74,161.57,162.06,169802.196
2025-07-13 12:00:00,162.06,164.19,161.79,162.04,460783.798
2025-07-13 16:00:00,162.04,163.55,160.53,162.54,423197.452
2025-07-13 20:00:00,162.53,163.06,159.63,161.15,428594.777
2025-07-14 00:00:00,161.15,168.2,160.61,167.11,844220.103
2025-07-14 04:00:00,167.11,168.65,165.37,167.25,845339.49
2025-07-14 08:00:00,167.26,168.15,166.04,166.53,513407.239
2025-07-14 12:00:00,166.53,168.6,163.04,163.96,821594.129
2025-07-14 16:00:00,163.96,165.35,162.42,164.3,537141.034
2025-07-14 20:00:00,164.31,164.31,161.67,162.21,412004.538
2025-07-15 00:00:00,162.21,162.89,158.17,159.15,700903.11
2025-07-15 04:00:00,159.14,160.87,158.26,159.54,376259.668
2025-07-15 08:00:00,159.54,160.14,158.39,159.86,359129.829
2025-07-15 12:00:00,159.87,162.17,157.23,160.47,939668.527
2025-07-15 16:00:00,160.46,163.7,159.98,160.22,818422.085
2025-07-15 20:00:00,160.22,164.26,159.71,163.98,470912.534
2025-07-16 00:00:00,163.98,165.26,161.51,162.5,491283.404
2025-07-16 04:00:00,162.51,164.64,161.79,164.05,303621.479
2025-07-16 08:00:00,164.05,167.58,163.81,166.66,775699.801
2025-07-16 12:00:00,166.66,168.84,165.4,168.45,1075941.567
2025-07-16 16:00:00,168.45,174.7,168.4,174.16,1541209.535
2025-07-16 20:00:00,174.15,176.0,172.37,173.63,832532.337
2025-07-17 00:00:00,173.62,174.85,168.71,169.54,769849.322
2025-07-17 04:00:00,169.53,174.17,169.24,174.02,552386.659
2025-07-17 08:00:00,174.02,178.19,172.67,176.17,808987.943
2025-07-17 12:00:00,176.16,177.54,172.78,174.13,855184.444
2025-07-17 16:00:00,174.12,175.42,171.21,173.05,620916.809
2025-07-17 20:00:00,173.05,177.4,171.34,175.87,884230.55
2025-07-18 00:00:00,175.88,181.15,175.29,180.8,991006.965
2025-07-18 04:00:00,180.79,184.67,179.86,180.94,1288132.836
2025-07-18 08:00:00,180.93,181.97,177.1,178.46,660085.162
2025-07-18 12:00:00,178.45,182.02,174.86,177.02,1101371.576
2025-07-18 16:00:00,177.02,179.11,176.15,176.99,511602.663
2025-07-18 20:00:00,176.98,177.62,173.24,177.28,639653.966
2025-07-19 00:00:00,177.28,177.69,174.0,177.45,354342.522
2025-07-19 04:00:00,177.45,177.77,176.1,176.99,291461.055
2025-07-19 08:00:00,176.99,177.81,175.41,176.59,226657.409
2025-07-19 12:00:00,176.6,177.88,174.8,177.4,472760.528
2025-07-19 16:00:00,177.41,178.19,176.12,177.04,248145.005
2025-07-19 20:00:00,177.04,178.61,174.91,176.96,465948.489
2025-07-20 00:00:00,176.97,179.75,176.33,177.98,729412.703
2025-07-20 04:00:00,177.97,178.67,176.94,177.94,258410.01
2025-07-20 08:00:00,177.95,181.51,177.95,180.44,484114.255
2025-07-20 12:00:00,180.44,183.17,179.96,181.96,814946.359
2025-07-20 16:00:00,181.97,183.66,180.25,181.99,762318.509
2025-07-20 20:00:00,182.0,182.39,177.8,181.43,645653.079
2025-07-21 00:00:00,181.44,187.04,178.25,186.71,938605.848
2025-07-21 04:00:00,186.71,191.08,185.06,190.07,895269.545
2025-07-21 08:00:00,190.06,192.99,189.69,191.4,1168585.825
2025-07-21 12:00:00,191.39,199.28,190.22,196.79,1643494.924
2025-07-21 16:00:00,196.79,197.25,193.01,194.63,1305545.557
2025-07-21 20:00:00,194.64,197.78,193.64,195.72,544405.48
2025-07-22 00:00:00,195.72,204.67,193.75,200.09,2435412.987
2025-07-22 04:00:00,200.08,201.32,194.1,198.1,1542930.55
2025-07-22 08:00:00,198.1,200.15,194.05,199.91,1047292.012
2025-07-22 12:00:00,199.91,204.99,196.95,201.83,1916439.915
2025-07-22 16:00:00,201.82,204.24,198.39,198.92,1020851.727
2025-07-22 20:00:00,198.91,206.3,198.39,205.7,672699.982
2025-07-23 00:00:00,205.7,205.75,200.99,201.39,641791.745
2025-07-23 04:00:00,201.4,202.26,198.88,199.46,446529.365
2025-07-23 08:00:00,199.47,200.0,195.86,197.42,573102.72
2025-07-23 12:00:00,197.41,197.57,187.61,192.72,1924581.79
2025-07-23 16:00:00,192.72,192.75,186.01,188.08,1017136.74
2025-07-23 20:00:00,188.09,190.04,183.97,189.4,944995.139
2025-07-24 00:00:00,189.4,191.87,188.48,189.85,505356.649
2025-07-24 04:00:00,189.85,190.12,179.21,184.21,1272610.88
2025-07-24 08:00:00,184.2,186.92,182.92,186.4,679593.958
2025-07-24 12:00:00,186.41,191.76,183.36,188.53,1133457.461
2025-07-24 16:00:00,188.54,190.04,184.85,187.99,821896.496
2025-07-24 20:00:00,187.99,189.06,182.01,182.87,804149.427
2025-07-25 00:00:00,182.88,183.54,175.63,177.71,1090465.703
2025-07-25 04:00:00,177.72,179.78,175.91,177.51,749156.28
2025-07-25 08:00:00,177.51,182.08,176.86,181.12,818502.62
2025-07-25 12:00:00,181.12,181.89,176.24,178.2,796177.263
2025-07-25 16:00:00,178.19,182.84,177.47,182.17,618370.939
2025-07-25 20:00:00,182.16,186.85,182.08,186.76,408637.635
2025-07-26 00:00:00,186.75,186.93,184.48,185.97,351534.604
2025-07-26 04:00:00,185.97,187.14,185.63,186.43,210088.884
2025-07-26 08:00:00,186.43,189.78,186.42,187.74,426910.756
2025-07-26 12:00:00,187.75,188.48,186.05,187.52,307043.382
2025-07-26 16:00:00,187.53,187.8,185.06,186.45,232333.333
2025-07-26 20:00:00,186.44,186.76,184.29,184.88,245542.916
2025-07-27 00:00:00,184.89,187.59,184.53,187.19,210948.8
2025-07-27 04:00:00,187.19,188.33,186.62,187.22,230105.751
2025-07-27 08:00:00,187.22,188.57,186.18,187.01,268813.946
2025-07-27 12:00:00,187.02,187.34,184.9,186.47,381338.1
2025-07-27 16:00:00,186.48,189.76,185.95,186.92,648131.865
2025-07-27 20:00:00,186.92,190.7,186.44,188.64,493721.671
2025-07-28 00:00:00,188.64,193.82,187.66,193.35,644448.782
2025-07-28 04:00:00,193.34,195.26,191.64,192.37,661554.847
2025-07-28 08:00:00,192.36,193.36,190.63,192.0,362433.148
2025-07-28 12:00:00,192.0,193.52,186.55,187.18,1015953.296
2025-07-28 16:00:00,187.18,187.99,183.45,185.26,825859.995
2025-07-28 20:00:00,185.25,185.53,182.16,183.11,557622.059
2025-07-29 00:00:00,183.1,184.72,180.67,184.33,592652.608
2025-07-29 04:00:00,184.34,186.68,183.21,186.05,365000.509
2025-07-29 08:00:00,186.04,186.51,182.24,182.93,307758.3
2025-07-29 12:00:00,182.93,184.99,179.23,180.81,610963.148
2025-07-29 16:00:00,180.81,182.37,178.3,181.11,379320.935
2025-07-29 20:00:00,181.11,182.0,179.3,181.48,286216.536
2025-07-30 00:00:00,181.47,182.37,178.81,181.69,343986.519
2025-07-30 04:00:00,181.69,182.56,179.34,180.83,243801.365
2025-07-30 08:00:00,180.83,181.49,176.42,177.3,562755.281
2025-07-30 12:00:00,177.29,180.59,176.65,179.18,689632.126
2025-07-30 16:00:00,179.17,180.15,170.29,176.12,1115046.789
2025-07-30 20:00:00,176.12,178.09,174.76,177.77,342028.107
2025-07-31 00:00:00,177.77,180.55,177.62,180.31,287253.066
2025-07-31 04:00:00,180.31,181.62,179.81,181.24,314782.379
2025-07-31 08:00:00,181.24,182.7,180.24,180.74,283519.115
2025-07-31 12:00:00,180.75,180.89,175.25,177.35,679543.021
2025-07-31 16:00:00,177.34,179.77,174.75,175.32,538100.344
2025-07-31 20:00:00,175.31,175.74,171.44,172.22,521643.858
2025-08-01 00:00:00,172.22,172.26,167.42,171.14,1030707.548
2025-08-01 04:00:00,171.14,171.14,167.96,169.4,449244.623
2025-08-01 08:00:00,169.41,169.41,166.19,169.2,539365.528
2025-08-01 12:00:00,169.19,170.35,164.58,168.57,774051.491
2025-08-01 16:00:00,168.56,169.75,165.1,166.47,634786.471
2025-08-01 20:00:00,166.47,166.82,159.2,162.71,889373.654
2025-08-02 00:00:00,162.71,165.02,162.56,164.36,237465.758
2025-08-02 04:00:00,164.37,165.3,161.82,164.43,251898.353
2025-08-02 08:00:00,164.44,165.13,162.22,164.51,222570.066
2025-08-02 12:00:00,164.5,164.94,161.03,161.5,262590.495
2025-08-02 16:00:00,161.51,162.2,155.83,157.44,847412.892
2025-08-02 20:00:00,157.45,159.81,157.04,158.48,386237.511
2025-08-03 00:00:00,158.49,161.07,156.28,160.86,344099.038
2025-08-03 04:00:00,160.86,161.59,160.03,161.37,225275.137
2025-08-03 08:00:00,161.37,162.9,160.68,161.47,286152.309
2025-08-03 12:00:00,161.47,162.35,160.37,162.11,376515.511
2025-08-03 16:00:00,162.1,162.75,161.12,161.65,535750.889
2025-08-03 20:00:00,161.64,163.14,160.75,161.97,530116.427
2025-08-04 00:00:00,161.98,164.98,161.42,162.98,406904.188
2025-08-04 04:00:00,162.98,163.41,161.26,163.03,283658.722
2025-08-04 08:00:00,163.04,164.08,161.64,162.38,375487.921
2025-08-04 12:00:00,162.39,166.91,162.14,165.49,677494.665
2025-08-04 16:00:00,165.49,169.8,165.0,165.65,540242.329
2025-08-04 20:00:00,165.64,169.78,165.3,169.55,405166.333
2025-08-05 00:00:00,169.55,169.97,167.57,167.92,280719.371
2025-08-05 04:00:00,167.92,169.28,165.78,166.22,320599.334
2025-08-05 08:00:00,166.21,171.73,165.66,170.89,401901.212
2025-08-05 12:00:00,170.89,171.04,162.9,163.78,907980.606
2025-08-05 16:00:00,163.77,164.94,162.28,162.76,432796.162
2025-08-05 20:00:00,162.76,164.54,161.3,164.09,210961.324
2025-08-06 00:00:00,164.09,164.17,161.13,161.86,204645.359
2025-08-06 04:00:00,161.86,164.79,161.25,164.25,216024.256
2025-08-06 08:00:00,164.26,164.64,162.72,164.2,252055.091
2025-08-06 12:00:00,164.2,169.42,162.65,169.04,602980.618
2025-08-06 16:00:00,169.05,169.93,167.18,168.82,360608.53
2025-08-06 20:00:00,168.82,168.85,167.32,168.09,161177.575
2025-08-07 00:00:00,168.1,169.0,166.7,166.89,199853.998
2025-08-07 04:00:00,166.9,170.45,166.76,169.99,366454.602
2025-08-07 08:00:00,169.99,173.49,169.06,172.82,686547.098
2025-08-07 12:00:00,172.83,173.18,169.7,170.49,728069.885
2025-08-07 16:00:00,170.48,171.94,167.0,171.75,486405.746
2025-08-07 20:00:00,171.76,175.51,171.52,175.36,547331.666
2025-08-08 00:00:00,175.37,175.92,173.43,174.71,734440.62
2025-08-08 04:00:00,174.71,177.87,173.88,177.14,447839.862
2025-08-08 08:00:00,177.13,177.95,174.88,177.65,516005.681
2025-08-08 12:00:00,177.65,179.14,174.21,175.23,925795.327
2025-08-08 16:00:00,175.23,179.66,175.01,178.47,810991.136
2025-08-08 20:00:00,178.46,178.76,176.62,176.78,243718.029
2025-08-09 00:00:00,176.79,179.02,176.64,177.26,311928.364
2025-08-09 04:00:00,177.26,182.15,176.94,180.62,853393.777
2025-08-09 08:00:00,180.62,183.35,180.39,180.79,576042.364
2025-08-09 12:00:00,180.78,182.49,178.92,180.09,607724.28
2025-08-09 16:00:00,180.1,182.7,179.46,182.14,400314.358
2025-08-09 20:00:00,182.13,183.45,179.72,179.95,576101.244
2025-08-10 00:00:00,179.96,185.99,179.81,184.98,1105247.344
2025-08-10 04:00:00,184.98,186.18,177.66,178.94,913480.456
2025-08-10 08:00:00,178.94,181.05,177.51,179.97,655245.387
2025-08-10 12:00:00,179.98,182.4,178.52,181.54,521923.423
2025-08-10 16:00:00,181.54,183.3,181.21,182.8,330271.285
2025-08-10 20:00:00,182.8,183.94,181.27,182.66,671119.392
2025-08-11 00:00:00,182.67,185.8,181.27,185.14,754514.272
2025-08-11 04:00:00,185.13,186.8,182.79,182.97,680536.454
2025-08-11 08:00:00,182.97,184.67,178.35,179.08,614257.101
2025-08-11 12:00:00,179.07,180.52,177.23,180.19,790856.83
2025-08-11 16:00:00,180.19,181.77,175.54,176.62,610097.078
2025-08-11 20:00:00,176.62,176.88,173.43,174.84,510481.796
2025-08-12 00:00:00,174.83,176.74,174.64,175.53,293670.156
2025-08-12 04:00:00,175.53,176.64,173.6,175.9,381070.522
2025-08-12 08:00:00,175.9,176.51,173.72,175.23,401457.593
2025-08-12 12:00:00,175.23,182.1,174.73,181.7,1334137.609
2025-08-12 16:00:00,181.7,191.14,180.77,190.64,1637090.09
2025-08-12 20:00:00,190.65,193.76,189.59,191.78,1026922.187
2025-08-13 00:00:00,191.77,199.54,191.48,197.73,1713090.0
2025-08-13 04:00:00,197.74,200.1,195.18,198.74,1029526.368
2025-08-13 08:00:00,198.74,202.71,197.61,201.0,1090204.619
2025-08-13 12:00:00,201.0,204.96,194.15,197.44,1935714.892
2025-08-13 16:00:00,197.43,202.2,197.01,202.08,843086.365
2025-08-13 20:00:00,202.09,203.33,199.83,201.51,537104.035
2025-08-14 00:00:00,201.51,209.04,200.59,207.94,1571108.834
2025-08-14 04:00:00,207.94,209.86,204.02,205.66,1258405.183
2025-08-14 08:00:00,205.67,205.85,201.77,203.62,1039760.828
2025-08-14 12:00:00,203.61,205.46,186.68,194.85,3492259.235
2025-08-14 16:00:00,194.86,195.51,190.25,192.91,907917.567
2025-08-14 20:00:00,192.91,193.24,187.32,192.47,696155.667
2025-08-15 00:00:00,192.46,195.6,191.94,195.15,517703.825
2025-08-15 04:00:00,195.14,198.07,194.44,196.95,603957.875
2025-08-15 08:00:00,196.95,197.59,193.63,194.32,439776.796
2025-08-15 12:00:00,194.32,196.19,184.36,185.55,1407910.532
2025-08-15 16:00:00,185.55,186.9,183.3,183.89,855718.072
2025-08-15 20:00:00,183.88,188.26,183.37,185.72,535220.296
2025-08-16 00:00:00,185.71,188.36,185.34,187.1,451977.406
2025-08-16 04:00:00,187.09,189.65,186.11,189.12,347015.956
2025-08-16 08:00:00,189.12,189.23,185.39,185.74,441804.36
2025-08-16 12:00:00,185.75,189.47,185.2,188.79,461355.922
2025-08-16 16:00:00,188.78,189.36,187.08,188.69,208056.105
2025-08-16 20:00:00,188.68,190.06,187.94,189.6,189608.699
2025-08-17 00:00:00,189.61,191.94,187.35,191.61,362012.918
2025-08-17 04:00:00,191.61,193.55,191.33,191.88,372180.764
2025-08-17 08:00:00,191.89,193.87,191.53,193.58,435766.843
2025-08-17 12:00:00,193.58,195.49,191.91,195.47,370457.983
2025-08-17 16:00:00,195.48,195.89,189.94,191.18,450637.822
2025-08-17 20:00:00,191.17,193.44,190.88,190.99,270499.226
2025-08-18 00:00:00,191.0,191.33,181.82,182.67,1042225.73
2025-08-18 04:00:00,182.67,183.51,180.22,180.62,659547.289
2025-08-18 08:00:00,180.63,181.98,180.0,181.36,444806.83
2025-08-18 12:00:00,181.37,183.34,180.52,183.1,532070.614
2025-08-18 16:00:00,183.1,185.7,181.76,183.21,437847.077
2025-08-18 20:00:00,183.21,185.0,182.07,182.94,257577.157
2025-08-19 00:00:00,182.94,185.87,178.17,178.52,684011.058
2025-08-19 04:00:00,178.52,180.59,177.32,180.11,452831.951
2025-08-19 08:00:00,180.12,182.81,179.11,182.66,362969.525
2025-08-19 12:00:00,182.67,183.42,177.46,177.98,723498.931
2025-08-19 16:00:00,177.98,178.78,175.69,176.74,659672.426
2025-08-19 20:00:00,176.75,179.54,175.88,176.22,377106.068
2025-08-20 00:00:00,176.22,181.5,176.04,180.49,447004.324
2025-08-20 04:00:00,180.49,181.7,179.83,180.53,360924.936
2025-08-20 08:00:00,180.53,182.25,178.32,180.29,459582.274
2025-08-20 12:00:00,180.28,185.06,177.53,183.03,1056274.772
2025-08-20 16:00:00,183.02,187.97,182.59,187.59,762490.645
2025-08-20 20:00:00,187.6,187.95,185.78,187.94,378680.723
2025-08-21 00:00:00,187.95,190.1,185.51,188.43,847804.628
2025-08-21 04:00:00,188.43,188.7,185.89,186.98,358402.24
2025-08-21 08:00:00,186.99,187.04,183.48,184.03,417312.125
2025-08-21 12:00:00,184.03,186.42,181.44,181.65,653560.088
2025-08-21 16:00:00,181.65,182.93,179.85,180.15,419791.244
2025-08-21 20:00:00,180.15,181.86,179.43,180.29,217641.278
2025-08-22 00:00:00,180.3,183.5,180.0,181.76,357848.232
2025-08-22 04:00:00,181.76,184.36,181.75,183.98,306794.93
2025-08-22 08:00:00,183.97,185.1,179.6,179.63,476379.83
2025-08-22 12:00:00,179.63,195.42,177.27,193.47,3196497.746
2025-08-22 16:00:00,193.48,199.73,193.48,198.97,1365879.831
2025-08-22 20:00:00,198.97,202.4,198.38,200.69,890717.82
2025-08-23 00:00:00,200.69,200.82,195.26,198.16,735618.04
2025-08-23 04:00:00,198.15,208.62,198.1,205.18,2072364.143
2025-08-23 08:00:00,205.18,205.66,201.53,201.98,875163.943
2025-08-23 12:00:00,201.99,203.8,200.58,202.58,625574.666
2025-08-23 16:00:00,202.57,204.57,202.2,204.09,297304.083
2025-08-23 20:00:00,204.08,204.86,202.8,204.14,182615.884
2025-08-24 00:00:00,204.15,211.99,204.14,209.05,1292167.1
2025-08-24 04:00:00,209.06,210.76,206.6,206.66,876390.499
2025-08-24 08:00:00,206.67,209.0,203.41,204.48,819520.01
2025-08-24 12:00:00,204.48,209.35,203.57,205.62,849870.407
2025-08-24 16:00:00,205.62,211.97,201.44,205.01,1969133.164
2025-08-24 20:00:00,205.01,207.15,201.09,205.98,1358568.058
2025-08-25 00:00:00,205.99,213.6,202.23,209.24,1525854.655
2025-08-25 04:00:00,209.24,209.71,198.69,199.82,1543945.818
2025-08-25 08:00:00,199.81,200.8,195.0,197.55,1307567.256
2025-08-25 12:00:00,197.54,199.5,195.56,196.56,1163970.008
2025-08-25 16:00:00,196.57,198.36,190.98,191.47,921580.475
2025-08-25 20:00:00,191.47,192.12,185.33,187.2,1490182.541
2025-08-26 00:00:00,187.19,189.29,185.58,186.9,1032410.688
2025-08-26 04:00:00,186.9,189.92,186.9,188.92,595369.921
2025-08-26 08:00:00,188.92,190.37,186.67,187.97,594464.855
2025-08-26 12:00:00,187.98,192.55,187.18,190.77,1179204.886
2025-08-26 16:00:00,190.76,197.51,190.58,197.43,753071.616
2025-08-26 20:00:00,197.43,198.1,195.37,195.86,579897.556
2025-08-27 00:00:00,195.85,202.81,193.78,201.92,909709.26
2025-08-27 04:00:00,201.91,205.7,200.81,202.43,1505812.552
2025-08-27 08:00:00,202.44,205.38,201.48,205.01,813548.353
2025-08-27 12:00:00,205.01,209.4,202.62,208.66,1438991.466
2025-08-27 16:00:00,208.66,212.08,205.95,206.4,1446542.131
2025-08-27 20:00:00,206.4,209.49,202.57,202.95,1720536.392
2025-08-28 00:00:00,202.95,208.35,201.72,208.15,848839.237
2025-08-28 04:00:00,208.16,213.33,207.47,213.11,1372623.202
2025-08-28 08:00:00,213.11,216.5,211.07,213.14,1507240.297
2025-08-28 12:00:00,213.15,216.89,210.2,211.06,1875626.856
2025-08-28 16:00:00,211.06,214.0,207.17,209.94,979217.904
2025-08-28 20:00:00,209.95,215.73,209.64,214.43,663759.05
2025-08-29 00:00:00,214.43,217.97,212.0,216.86,1361416.3
2025-08-29 04:00:00,216.86,218.0,207.8,208.77,1869253.172
2025-08-29 08:00:00,208.78,210.07,205.34,207.62,1315206.12
2025-08-29 12:00:00,207.61,214.94,203.81,204.46,2207692.114
2025-08-29 16:00:00,204.46,205.5,201.34,202.95,1121270.227
2025-08-29 20:00:00,202.95,205.5,199.85,205.08,732648.664
2025-08-30 00:00:00,205.09,206.65,200.68,205.61,1016056.129
2025-08-30 04:00:00,205.61,207.06,204.37,205.14,636007.652
2025-08-30 08:00:00,205.13,205.56,201.65,202.64,568973.963
2025-08-30 12:00:00,202.64,202.67,197.52,201.05,1012487.733
2025-08-30 16:00:00,201.05,201.61,199.74,201.25,325752.107
2025-08-30 20:00:00,201.25,203.33,199.75,202.7,335298.531
2025-08-31 00:00:00,202.7,206.66,202.69,205.58,719938.555
2025-08-31 04:00:00,205.57,205.65,202.73,203.55,506583.734
2025-08-31 08:00:00,203.56,206.0,202.23,203.65,497006.579
2025-08-31 12:00:00,203.65,204.89,201.5,204.58,558733.153
2025-08-31 16:00:00,204.58,205.99,203.68,204.62,382702.553
2025-08-31 20:00:00,204.61,205.78,200.28,200.62,638259.374
2025-09-01 00:00:00,200.62,202.49,196.03,198.42,1095348.972
2025-09-01 04:00:00,198.41,202.93,196.61,202.92,723200.706
2025-09-01 08:00:00,202.92,204.58,198.36,199.4,796310.266
2025-09-01 12:00:00,199.41,201.13,197.67,198.37,628970.474
2025-09-01 16:00:00,198.36,200.16,197.27,200.16,430656.417
2025-09-01 20:00:00,200.16,200.17,194.19,197.32,790280.938
2025-09-02 00:00:00,197.32,203.36,196.77,201.85,683276.649
2025-09-02 04:00:00,201.86,204.45,201.39,202.12,573884.452
2025-09-02 08:00:00,202.12,204.45,201.67,201.98,485173.647
2025-09-02 12:00:00,201.97,205.15,197.37,200.3,1436972.942
2025-09-02 16:00:00,200.29,207.0,199.48,205.54,860842.502
2025-09-02 20:00:00,205.53,209.68,204.91,209.65,854487.357
2025-09-03 00:00:00,209.64,211.97,207.42,210.03,1074401.43
2025-09-03 04:00:00,210.02,210.48,207.94,209.36,565061.696
2025-09-03 08:00:00,209.36,211.34,208.15,210.38,572759.788
2025-09-03 12:00:00,210.37,213.02,208.69,211.37,1167373.022
2025-09-03 16:00:00,211.37,211.97,208.83,210.38,388604.335
2025-09-03 20:00:00,210.38,210.96,208.38,210.77,294991.412
2025-09-04 00:00:00,210.77,211.94,207.47,208.19,488986.062
2025-09-04 04:00:00,208.19,208.56,205.68,206.68,353396.148
2025-09-04 08:00:00,206.68,208.79,206.58,207.22,279470.32
2025-09-04 12:00:00,207.23,208.5,203.38,203.76,784895.444
2025-09-04 16:00:00,203.77,205.18,201.84,202.12,401437.473
2025-09-04 20:00:00,202.11,204.82,201.88,202.32,418593.83
2025-09-05 00:00:00,202.32,204.05,200.95,203.53,428152.722
2025-09-05 04:00:00,203.53,208.43,203.0,207.87,678134.358
2025-09-05 08:00:00,207.87,207.96,204.52,206.67,540095.09
2025-09-05 12:00:00,206.67,210.0,201.61,203.56,1639974.602
2025-09-05 16:00:00,203.55,205.55,201.91,205.44,527852.482
2025-09-05 20:00:00,205.43,205.69,202.7,203.36,307186.001
2025-09-06 00:00:00,203.37,204.68,203.14,204.07,219743.501
2025-09-06 04:00:00,204.06,204.07,202.07,203.03,270340.564
2025-09-06 08:00:00,203.03,203.56,201.8,202.38,226912.717
2025-09-06 12:00:00,202.38,202.87,201.01,201.26,250379.867
2025-09-06 16:00:00,201.26,202.37,199.32,199.71,375364.512
2025-09-06 20:00:00,199.7,201.2,199.7,200.16,138759.836
2025-09-07 00:00:00,200.17,203.27,200.12,202.86,229169.683
2025-09-07 04:00:00,202.85,203.3,202.23,202.99,144615.751
2025-09-07 08:00:00,203.0,203.99,202.72,203.96,203095.962
2025-09-07 12:00:00,203.96,205.55,203.08,205.2,378157.51
2025-09-07 16:00:00,205.2,205.48,201.48,203.08,474253.21
2025-09-07 20:00:00,203.08,207.95,202.58,206.35,788218.647
2025-09-08 00:00:00,206.35,209.0,205.59,207.65,689936.433
2025-09-08 04:00:00,207.64,208.87,206.66,207.92,542588.067
2025-09-08 08:00:00,207.91,215.84,207.39,214.28,1598221.836
2025-09-08 12:00:00,214.28,216.83,212.8,215.04,1390691.079
2025-09-08 16:00:00,215.04,217.11,213.88,216.15,1009621.332
2025-09-08 20:00:00,216.16,216.22,213.55,214.11,498620.188
2025-09-09 00:00:00,214.11,214.91,210.79,214.63,736262.906
2025-09-09 04:00:00,214.62,219.79,213.96,219.23,1023258.594
2025-09-09 08:00:00,219.23,219.5,217.0,217.25,510642.02
2025-09-09 12:00:00,217.24,218.54,211.69,213.07,1508779.467
2025-09-09 16:00:00,213.07,216.99,213.0,216.34,721110.055
2025-09-09 20:00:00,216.35,217.8,215.01,217.21,479251.671
2025-09-10 00:00:00,217.22,219.65,215.09,219.2,784172.042
2025-09-10 04:00:00,219.2,222.89,217.82,222.25,832462.629
2025-09-10 08:00:00,222.25,222.45,218.77,220.25,695044.216
2025-09-10 12:00:00,220.24,226.0,219.74,223.17,1555217.137
2025-09-10 16:00:00,223.16,224.13,220.53,221.23,598543.573
2025-09-10 20:00:00,221.23,224.65,220.95,224.07,358745.615
2025-09-11 00:00:00,224.06,225.59,222.94,224.17,487255.101
2025-09-11 04:00:00,224.17,224.29,221.72,223.23,448845.177
2025-09-11 08:00:00,223.23,225.85,222.28,225.03,545294.32
2025-09-11 12:00:00,225.04,228.95,222.79,226.82,1631416.502
2025-09-11 16:00:00,226.82,228.37,225.3,226.71,620031.663
2025-09-11 20:00:00,226.69,228.94,225.47,228.73,619514.238
2025-09-12 00:00:00,228.73,235.81,228.11,235.09,1207675.905
2025-09-12 04:00:00,235.08,239.86,234.22,237.33,1376519.657
2025-09-12 08:00:00,237.33,239.55,236.72,239.18,491350.401
2025-09-12 12:00:00,239.18,241.84,237.56,239.31,1160771.078
2025-09-12 16:00:00,239.32,241.48,237.94,241.0,763911.375
2025-09-12 20:00:00,241.0,244.04,238.33,242.18,891425.515
2025-09-13 00:00:00,242.18,244.14,240.68,243.61,711408.504
2025-09-13 04:00:00,243.62,243.67,241.23,242.46,415512.041
2025-09-13 08:00:00,242.45,243.72,241.26,241.93,511414.931
2025-09-13 12:00:00,241.93,243.09,237.93,239.43,733910.291
2025-09-13 16:00:00,239.43,239.69,235.73,238.98,530973.647
2025-09-13 20:00:00,238.98,243.18,238.84,242.38,402441.851
2025-09-14 00:00:00,242.38,249.6,242.2,246.89,1039067.768
2025-09-14 04:00:00,246.89,248.4,244.5,246.39,540408.995
2025-09-14 08:00:00,246.4,248.09,245.58,246.09,377330.593
2025-09-14 12:00:00,246.1,246.77,241.53,243.81,859662.312
2025-09-14 16:00:00,243.81,248.45,242.13,242.51,757233.741
2025-09-14 20:00:00,242.5,244.72,239.23,239.76,591467.719
2025-09-15 00:00:00,239.75,243.41,239.15,242.64,445620.562
2025-09-15 04:00:00,242.65,244.0,236.17,237.98,711140.007
2025-09-15 08:00:00,237.98,238.11,231.55,236.45,1451753.3
2025-09-15 12:00:00,236.46,238.16,231.96,233.0,1120024.664
2025-09-15 16:00:00,233.0,234.67,230.15,233.0,679264.543
2025-09-15 20:00:00,232.99,235.37,232.78,234.31,325786.543
2025-09-16 00:00:00,234.32,235.8,232.87,235.08,406532.065
2025-09-16 04:00:00,235.09,237.03,232.97,235.77,439716.76
2025-09-16 08:00:00,235.77,236.93,234.77,235.37,357847.921
2025-09-16 12:00:00,235.36,238.09,231.26,237.79,804674.844
2025-09-16 16:00:00,237.79,240.95,236.24,237.82,843085.465
2025-09-16 20:00:00,237.82,239.03,236.44,236.96,329770.005
2025-09-17 00:00:00,236.96,237.85,233.84,234.07,442085.963
2025-09-17 04:00:00,234.07,238.09,233.2,237.69,574416.426
2025-09-17 08:00:00,237.69,237.73,233.66,234.17,425306.308
2025-09-17 12:00:00,234.18,235.99,233.56,233.9,442459.616
2025-09-17 16:00:00,233.9,239.1,232.23,238.74,1767201.407
2025-09-17 20:00:00,238.74,246.62,236.01,244.84,1120059.773
2025-09-18 00:00:00,244.84,247.99,244.16,246.72,716898.945
2025-09-18 04:00:00,246.71,246.97,242.58,244.75,501792.035
2025-09-18 08:00:00,244.75,247.17,244.34,245.97,467499.978
2025-09-18 12:00:00,245.96,248.99,245.01,248.24,755572.778
2025-09-18 16:00:00,248.25,253.51,247.33,248.36,1081932.43
2025-09-18 20:00:00,248.36,249.22,245.88,247.5,393194.742
2025-09-19 00:00:00,247.5,248.57,244.66,245.0,486455.778
2025-09-19 04:00:00,245.0,245.73,242.83,243.82,591199.43
2025-09-19 08:00:00,243.81,244.83,240.0,240.91,521484.767
2025-09-19 12:00:00,240.92,242.71,235.81,237.54,964529.52
2025-09-19 16:00:00,237.54,238.87,235.12,235.98,552758.243
2025-09-19 20:00:00,235.98,238.85,235.98,238.53,268557.96
2025-09-20 00:00:00,238.53,239.96,237.36,238.09,292277.489
2025-09-20 04:00:00,238.09,239.78,237.73,239.78,188414.615
2025-09-20 08:00:00,239.77,239.78,236.91,238.14,198950.509
2025-09-20 12:00:00,238.14,241.22,237.05,240.1,470638.18
2025-09-20 16:00:00,240.11,241.1,237.97,238.64,230385.504
2025-09-20 20:00:00,238.64,240.31,238.44,239.48,169822.918
2025-09-21 00:00:00,239.48,241.79,238.96,241.78,256811.845
2025-09-21 04:00:00,241.78,241.82,239.45,239.87,212290.486
2025-09-21 08:00:00,239.87,240.09,237.1,238.64,216475.625
2025-09-21 12:00:00,238.64,240.28,237.7,237.91,196966.672
2025-09-21 16:00:00,237.91,238.41,236.08,237.99,249970.647
2025-09-21 20:00:00,237.99,238.11,235.32,236.16,259922.701
2025-09-22 00:00:00,236.16,236.96,230.5,232.81,1045277.527
2025-09-22 04:00:00,232.81,233.16,214.5,221.88,1920590.553
2025-09-22 08:00:00,221.88,222.78,219.32,221.49,828237.826
2025-09-22 12:00:00,221.49,224.03,219.91,220.73,772216.741
2025-09-22 16:00:00,220.73,221.53,216.56,217.1,909206.16
2025-09-22 20:00:00,217.1,221.1,216.45,220.38,361064.896
2025-09-23 00:00:00,220.39,221.41,212.34,216.94,909225.517
2025-09-23 04:00:00,216.94,220.26,214.02,219.0,606280.357
2025-09-23 08:00:00,219.0,220.86,217.87,219.34,376465.729
2025-09-23 12:00:00,219.33,220.65,216.97,219.28,495109.161
2025-09-23 16:00:00,219.27,221.71,214.35,214.52,667060.786
2025-09-23 20:00:00,214.51,216.68,212.96,213.3,394766.918
2025-09-24 00:00:00,213.29,216.45,207.41,208.51,1196430.768
2025-09-24 04:00:00,208.5,211.43,204.81,210.63,1465594.599
2025-09-24 08:00:00,210.63,212.6,209.83,212.35,424450.64
2025-09-24 12:00:00,212.36,216.24,211.41,213.61,706125.967
2025-09-24 16:00:00,213.6,215.51,212.41,213.18,339233.479
2025-09-24 20:00:00,213.18,213.24,210.72,211.6,295622.073
2025-09-25 00:00:00,211.61,212.44,206.02,207.3,848925.731
2025-09-25 04:00:00,207.3,207.63,202.76,204.19,967402.525
2025-09-25 08:00:00,204.19,205.91,200.69,201.35,729173.977
2025-09-25 12:00:00,201.34,204.06,197.03,201.15,1358179.897
2025-09-25 16:00:00,201.14,201.95,193.6,198.09,1824534.378
2025-09-25 20:00:00,198.09,198.7,191.32,192.74,1033040.783
2025-09-26 00:00:00,192.73,197.55,192.53,196.47,793835.75
2025-09-26 04:00:00,196.47,197.42,193.75,196.31,726413.597
2025-09-26 08:00:00,196.31,196.98,190.8,193.47,786834.274
2025-09-26 12:00:00,193.46,198.31,192.15,196.02,1577594.807
2025-09-26 16:00:00,196.02,202.66,195.81,200.68,1192444.925
2025-09-26 20:00:00,200.68,205.52,199.56,205.17,546079.521
2025-09-27 00:00:00,205.16,205.43,203.57,203.88,468318.03
2025-09-27 04:00:00,203.88,204.12,201.52,202.05,377609.353
2025-09-27 08:00:00,202.05,202.21,199.88,201.71,355448.756
2025-09-27 12:00:00,201.71,203.77,200.97,203.52,321632.965
2025-09-27 16:00:00,203.52,203.61,200.85,202.19,373010.573
2025-09-27 20:00:00,202.19,204.89,201.89,203.46,208913.738
2025-09-28 00:00:00,203.47,204.07,200.74,201.4,341292.836
2025-09-28 04:00:00,201.4,202.45,200.38,202.1,182680.133
2025-09-28 08:00:00,202.1,202.7,199.23,199.86,280341.152
2025-09-28 12:00:00,199.86,203.55,198.0,203.42,445496.91
2025-09-28 16:00:00,203.43,206.67,203.26,206.18,432486.691
2025-09-28 20:00:00,206.18,211.0,206.02,210.83,511962.352
2025-09-29 00:00:00,210.83,210.89,208.74,210.28,480507.93
2025-09-29 04:00:00,210.27,210.64,207.37,208.95,382478.561
2025-09-29 08:00:00,208.94,209.69,206.02,207.07,300697.236
2025-09-29 12:00:00,207.07,213.5,204.58,210.07,1124784.909
2025-09-29 16:00:00,210.07,213.5,207.67,212.93,565969.834
2025-09-29 20:00:00,212.93,214.74,212.43,212.75,358660.381
2025-09-30 00:00:00,212.74,213.67,209.83,210.71,502259.774
2025-09-30 04:00:00,210.71,211.72,208.55,209.0,333039.505
2025-09-30 08:00:00,208.99,209.0,205.53,207.08,508045.926
2025-09-30 12:00:00,207.07,209.64,204.65,206.0,651944.601
2025-09-30 16:00:00,205.99,209.21,204.29,208.92,769192.192
2025-09-30 20:00:00,208.92,210.98,207.42,208.68,500299.487
2025-10-01 00:00:00,208.68,210.9,206.43,206.69,605455.675
2025-10-01 04:00:00,206.68,210.34,206.31,210.18,408600.968
2025-10-01 08:00:00,210.18,217.95,209.86,217.75,1185581.059
2025-10-01 12:00:00,217.75,220.66,217.16,220.25,889129.102
2025-10-01 16:00:00,220.24,221.0,217.34,220.05,559762.071
2025-10-01 20:00:00,220.05,222.77,218.41,222.04,401732.046
2025-10-02 00:00:00,222.04,225.06,219.52,223.8,766557.324
2025-10-02 04:00:00,223.81,226.74,222.43,222.9,658529.904
2025-10-02 08:00:00,222.91,226.7,222.69,225.27,469729.472
2025-10-02 12:00:00,225.28,227.44,222.61,227.18,971047.694
2025-10-02 16:00:00,227.19,233.79,226.24,232.3,1156299.686
2025-10-02 20:00:00,232.29,234.99,230.81,234.74,568532.308
2025-10-03 00:00:00,234.74,234.84,230.56,232.26,497550.343
2025-10-03 04:00:00,232.26,233.23,227.68,229.41,512563.868
2025-10-03 08:00:00,229.42,231.79,227.76,230.78,584160.624
2025-10-03 12:00:00,230.79,234.98,227.13,234.79,907743.724
2025-10-03 16:00:00,234.79,237.0,228.33,233.17,1408277.101
2025-10-03 20:00:00,233.18,233.99,230.72,232.84,306315.954
2025-10-04 00:00:00,232.84,234.05,227.93,229.25,457226.914
2025-10-04 04:00:00,229.24,230.53,228.73,229.11,185493.857
2025-10-04 08:00:00,229.1,229.92,228.21,229.19,234320.616
2025-10-04 12:00:00,229.19,229.84,224.31,224.88,477348.863
2025-10-04 16:00:00,224.87,227.02,224.07,226.91,346747.192
2025-10-04 20:00:00,226.91,228.29,226.91,227.86,140273.163
2025-10-05 00:00:00,227.86,232.29,226.45,230.91,566636.333
2025-10-05 04:00:00,230.91,236.93,230.9,236.59,804163.627
2025-10-05 08:00:00,236.58,237.22,230.76,232.66,636400.946
2025-10-05 12:00:00,232.66,232.67,228.42,230.14,444581.037
2025-10-05 16:00:00,230.13,231.47,226.72,227.07,397313.916
2025-10-05 20:00:00,227.07,229.26,226.7,228.56,250537.667
2025-10-06 00:00:00,228.56,233.3,227.55,232.24,563967.157
2025-10-06 04:00:00,232.23,234.86,230.17,231.36,446108.941
2025-10-06 08:00:00,231.37,234.15,231.37,233.02,359815.261
2025-10-06 12:00:00,233.02,236.67,232.63,235.64,697496.689
2025-10-06 16:00:00,235.64,237.79,234.05,235.35,534512.908
2025-10-06 20:00:00,235.34,236.15,231.64,232.35,380027.419
2025-10-07 00:00:00,232.35,233.98,231.0,233.95,385311.776
2025-10-07 04:00:00,233.95,235.21,229.41,231.01,622703.027
2025-10-07 08:00:00,231.01,231.64,228.22,230.44,562991.52
2025-10-07 12:00:00,230.44,231.59,220.8,223.79,1619389.724
2025-10-07 16:00:00,223.79,225.31,220.71,221.69,773380.036
2025-10-07 20:00:00,221.7,224.28,219.7,219.97,437269.674
2025-10-08 00:00:00,219.98,222.78,217.91,218.31,631534.444
2025-10-08 04:00:00,218.3,220.98,217.3,220.95,395944.606
2025-10-08 08:00:00,220.95,222.64,220.65,221.2,364962.179
2025-10-08 12:00:00,221.2,224.18,218.78,221.19,611449.452
2025-10-08 16:00:00,221.2,229.67,220.71,229.34,752819.514
2025-10-08 20:00:00,229.34,229.72,227.42,229.02,347050.45
2025-10-09 00:00:00,229.03,229.69,223.84,226.19,569902.509
2025-10-09 04:00:00,226.19,228.87,224.14,224.5,447470.805
2025-10-09 08:00:00,224.49,224.81,219.32,223.14,587257.341
2025-10-09 12:00:00,223.14,226.32,218.62,219.11,781057.471
2025-10-09 16:00:00,219.11,220.14,216.53,218.29,631473.899
2025-10-09 20:00:00,218.29,221.64,217.56,220.93,255791.406
2025-10-10 00:00:00,220.93,222.87,219.5,221.65,346629.018
2025-10-10 04:00:00,221.64,222.9,217.92,218.12,414183.951
2025-10-10 08:00:00,218.13,221.56,217.4,221.14,407829.681
2025-10-10 12:00:00,221.15,224.46,209.01,210.7,1721621.409
2025-10-10 16:00:00,210.69,213.06,203.43,205.32,1157612.956
2025-10-10 20:00:00,205.31,207.8,168.79,188.43,5574958.414
2025-10-11 00:00:00,188.43,191.05,182.16,184.85,1967350.02
2025-10-11 04:00:00,184.86,186.88,180.0,182.75,1267649.828
2025-10-11 08:00:00,182.75,189.5,181.76,183.85,1201413.392
2025-10-11 12:00:00,183.85,185.05,180.77,183.71,975179.346
2025-10-11 16:00:00,183.71,184.64,176.6,177.57,950768.032
2025-10-11 20:00:00,177.57,178.78,172.58,177.62,930026.63
2025-10-12 00:00:00,177.63,178.5,173.0,177.06,778604.574
2025-10-12 04:00:00,177.06,182.97,176.61,182.55,907355.04
2025-10-12 08:00:00,182.54,182.8,180.33,180.96,571208.267
2025-10-12 12:00:00,180.96,191.8,178.2,191.23,1948392.285
2025-10-12 16:00:00,191.23,196.6,191.22,195.85,1429928.258
2025-10-12 20:00:00,195.86,199.0,193.12,197.0,851511.297
2025-10-13 00:00:00,196.99,199.99,194.34,194.81,859440.428
2025-10-13 04:00:00,194.82,199.5,192.91,196.81,697655.095
2025-10-13 08:00:00,196.8,198.68,190.02,192.56,901085.761
2025-10-13 12:00:00,192.56,197.66,191.31,196.42,1268838.45
2025-10-13 16:00:00,196.42,208.75,196.23,207.1,1914640.531
2025-10-13 20:00:00,207.1,209.28,206.81,208.69,611501.246
2025-10-14 00:00:00,208.69,211.25,204.96,205.71,1130894.724
2025-10-14 04:00:00,205.72,205.95,192.0,194.47,1675002.569
2025-10-14 08:00:00,194.46,197.58,191.03,195.32,1092499.074
2025-10-14 12:00:00,195.33,202.64,191.5,202.22,1513523.547
2025-10-14 16:00:00,202.23,206.48,197.05,198.54,1546766.954
2025-10-14 20:00:00,198.54,203.42,198.17,202.44,390481.007
2025-10-15 00:00:00,202.45,205.82,200.89,201.65,734513.941
2025-10-15 04:00:00,201.65,205.45,200.47,204.66,671527.243
2025-10-15 08:00:00,204.65,208.91,202.04,202.6,874064.113
2025-10-15 12:00:00,202.59,204.87,196.18,197.13,1536188.566
2025-10-15 16:00:00,197.14,198.73,194.18,194.81,860173.691
2025-10-15 20:00:00,194.81,196.62,192.04,193.84,692687.885
2025-10-16 00:00:00,193.84,196.19,193.17,193.63,425855.19
2025-10-16 04:00:00,193.64,195.6,191.38,192.93,653263.775
2025-10-16 08:00:00,192.93,197.16,186.37,196.81,1147608.123
2025-10-16 12:00:00,196.82,198.42,186.56,187.61,1249209.158
2025-10-16 16:00:00,187.61,192.33,183.56,185.04,1260560.744
2025-10-16 20:00:00,185.05,186.11,182.03,184.85,668143.673
2025-10-17 00:00:00,184.84,187.55,184.27,187.09,501154.423
2025-10-17 04:00:00,187.09,187.46,177.34,177.75,1351548.603
2025-10-17 08:00:00,177.75,182.7,174.06,181.45,1749495.229
2025-10-17 12:00:00,181.44,182.82,176.25,182.72,1229553.619
2025-10-17 16:00:00,182.71,185.41,181.42,181.98,848007.258
2025-10-17 20:00:00,181.98,186.04,181.47,181.96,423149.745
2025-10-18 00:00:00,181.97,185.54,181.75,184.8,389074.412
2025-10-18 04:00:00,184.8,188.26,183.11,186.27,558790.528
2025-10-18 08:00:00,186.26,187.18,184.4,186.1,410950.833
2025-10-18 12:00:00,186.11,187.4,183.96,185.03,280702.452
2025-10-18 16:00:00,185.04,186.41,183.2,186.34,286323.985
2025-10-18 20:00:00,186.35,187.84,185.9,187.56,179998.885
2025-10-19 00:00:00,187.55,187.87,184.88,187.04,239032.315
2025-10-19 04:00:00,187.03,187.69,185.19,185.9,179804.387
2025-10-19 08:00:00,185.89,190.05,183.19,188.99,804874.713
2025-10-19 12:00:00,189.0,191.7,188.11,190.78,550649.01
2025-10-19 16:00:00,190.77,192.29,188.33,188.88,416711.876
2025-10-19 20:00:00,188.88,190.16,186.83,187.86,292892.299
2025-10-20 00:00:00,187.86,191.75,183.82,191.21,743331.871
2025-10-20 04:00:00,191.21,194.5,190.6,193.02,564222.729
2025-10-20 08:00:00,193.02,194.18,191.0,192.2,411838.944
2025-10-20 12:00:00,192.21,192.99,190.44,190.5,439754.017
2025-10-20 16:00:00,190.51,190.51,185.56,188.83,726870.7
2025-10-20 20:00:00,188.83,191.18,188.26,189.71,291983.238
2025-10-21 00:00:00,189.71,190.21,185.31,185.57,569706.431
2025-10-21 04:00:00,185.57,185.63,182.72,185.03,617599.587
2025-10-21 08:00:00,185.04,186.75,183.77,186.29,303743.764
2025-10-21 12:00:00,186.28,197.15,183.94,196.22,1269186.523
2025-10-21 16:00:00,196.22,197.71,192.11,193.96,1085050.944
2025-10-21 20:00:00,193.97,194.22,185.11,185.63,805795.372
2025-10-22 00:00:00,185.62,187.45,184.14,185.24,556653.945
2025-10-22 04:00:00,185.23,186.31,183.28,185.01,490383.589
2025-10-22 08:00:00,185.01,185.98,181.92,185.05,467384.919
2025-10-22 12:00:00,185.05,186.91,181.28,183.98,965788.671
2025-10-22 16:00:00,183.99,184.96,177.07,180.2,862504.568
2025-10-22 20:00:00,180.21,180.78,177.04,180.12,634289.023
2025-10-23 00:00:00,180.13,183.4,179.68,182.86,333221.726
2025-10-23 04:00:00,182.87,188.0,182.7,187.48,510146.209
2025-10-23 08:00:00,187.48,189.49,187.48,187.98,590289.765
2025-10-23 12:00:00,187.98,192.62,186.6,191.04,1084518.789
2025-10-23 16:00:00,191.04,193.45,190.1,191.15,566207.586
2025-10-23 20:00:00,191.14,191.51,188.31,191.35,417575.04
2025-10-24 00:00:00,191.36,193.85,190.85,191.31,420966.163
2025-10-24 04:00:00,191.31,194.6,190.82,192.15,504623.968
2025-10-24 08:00:00,192.15,193.45,190.58,192.13,321280.037
2025-10-24 12:00:00,192.13,197.0,188.83,189.45,1335784.418
2025-10-24 16:00:00,189.45,193.64,188.83,193.09,545332.865
2025-10-24 20:00:00,193.1,194.14,192.84,193.59,228775.175
2025-10-25 00:00:00,193.58,194.49,192.45,193.47,274729.892
2025-10-25 04:00:00,193.48,194.91,193.44,193.96,264835.24
2025-10-25 08:00:00,193.97,195.25,191.19,192.71,374620.98
2025-10-25 12:00:00,192.7,194.22,191.8,191.89,276863.497
2025-10-25 16:00:00,191.88,194.65,191.42,194.53,269735.279
2025-10-25 20:00:00,194.53,194.91,193.76,193.84,166054.05
2025-10-26 00:00:00,193.84,194.36,191.9,192.97,213438.623
2025-10-26 04:00:00,192.98,194.31,192.73,193.86,157441.909
2025-10-26 08:00:00,193.85,197.9,193.73,197.75,604768.068
2025-10-26 12:00:00,197.74,199.96,196.91,199.53,641967.496
2025-10-26 16:00:00,199.53,199.67,198.18,198.87,255182.972
2025-10-26 20:00:00,198.87,202.43,196.86,200.03,704951.062
2025-10-27 00:00:00,200.03,205.08,199.48,204.33,680006.801
2025-10-27 04:00:00,204.33,205.33,202.26,202.51,616446.009
2025-10-27 08:00:00,202.5,202.54,198.02,200.18,754944.259
2025-10-27 12:00:00,200.18,200.58,198.3,200.11,467154.625
2025-10-27 16:00:00,200.11,203.25,199.82,200.03,590812.625
2025-10-27 20:00:00,200.03,200.23,197.34,198.7,406245.068
2025-10-28 00:00:00,198.71,202.05,198.41,201.27,458190.136
2025-10-28 04:00:00,201.27,203.0,198.62,202.35,494348.088
2025-10-28 08:00:00,202.36,203.99,199.14,199.73,521805.505
2025-10-28 12:00:00,199.73,203.03,196.58,198.85,1138560.2
2025-10-28 16:00:00,198.86,201.28,194.48,195.35,707786.929
2025-10-28 20:00:00,195.34,195.36,190.22,194.15,1008479.103
2025-10-29 00:00:00,194.16,195.09,192.68,193.89,409753.254
2025-10-29 04:00:00,193.9,196.07,193.75,195.65,217468.131
2025-10-29 08:00:00,195.65,199.37,193.78,198.74,616444.316
2025-10-29 12:00:00,198.74,201.7,196.37,196.78,944043.823
2025-10-29 16:00:00,196.78,198.77,189.37,192.76,1903009.868
2025-10-29 20:00:00,192.75,197.06,191.92,193.88,530168.437
2025-10-30 00:00:00,193.89,198.19,192.12,197.1,438846.06
2025-10-30 04:00:00,197.09,197.18,190.35,195.8,1052876.845
2025-10-30 08:00:00,195.79,196.11,191.01,191.85,533894.297
2025-10-30 12:00:00,191.85,192.06,184.49,185.02,1354983.198
2025-10-30 16:00:00,185.01,186.35,178.65,179.06,936802.787
2025-10-30 20:00:00,179.05,184.74,178.79,184.69,737135.076
2025-10-31 00:00:00,184.69,186.91,183.7,185.15,648608.894
2025-10-31 04:00:00,185.14,187.03,184.77,185.36,440672.765
2025-10-31 08:00:00,185.36,189.22,184.58,188.89,458602.915
2025-10-31 12:00:00,188.89,190.26,186.0,188.13,801559.511
2025-10-31 16:00:00,188.12,189.04,184.38,188.42,589384.971
2025-10-31 20:00:00,188.41,188.78,186.54,187.21,254564.784
2025-11-01 00:00:00,187.21,187.48,185.5,187.2,279684.527
2025-11-01 04:00:00,187.2,187.55,185.0,185.8,204620.722
2025-11-01 08:00:00,185.79,186.72,185.28,186.22,222733.555
2025-11-01 12:00:00,186.22,186.65,183.79,186.42,343727.969
2025-11-01 16:00:00,186.42,187.12,184.87,186.27,274011.508
2025-11-01 20:00:00,186.28,186.96,184.98,186.35,159726.939
2025-11-02 00:00:00,186.35,186.37,184.66,185.29,208954.786
2025-11-02 04:00:00,185.3,188.34,185.02,187.72,289882.073
2025-11-02 08:00:00,187.72,187.95,184.45,186.15,316944.044
2025-11-02 12:00:00,186.14,186.5,183.53,183.77,396484.887
2025-11-02 16:00:00,183.77,184.68,182.0,184.02,281296.922
2025-11-02 20:00:00,184.02,188.1,183.58,187.71,267734.845
2025-11-03 00:00:00,187.71,189.13,176.73,177.57,1094378.434
2025-11-03 04:00:00,177.56,178.75,174.22,176.5,863661.732
2025-11-03 08:00:00,176.51,176.92,173.0,175.32,1002707.728
2025-11-03 12:00:00,175.32,176.95,165.0,166.79,2334599.655
2025-11-03 16:00:00,166.79,171.0,165.61,166.74,1203562.117
2025-11-03 20:00:00,166.75,167.24,163.15,166.06,828703.397
2025-11-04 00:00:00,166.06,168.42,164.18,167.66,456279.203
2025-11-04 04:00:00,167.66,168.13,155.87,157.07,1727235.108
2025-11-04 08:00:00,157.07,162.25,156.41,161.71,878336.359
2025-11-04 12:00:00,161.71,165.27,159.32,161.5,1067811.866
2025-11-04 16:00:00,161.5,162.36,152.26,154.62,1758082.425
2025-11-04 20:00:00,154.62,155.9,145.85,155.03,2400832.604
2025-11-05 00:00:00,155.04,157.42,147.29,156.93,1311505.522
2025-11-05 04:00:00,156.93,158.62,155.66,156.47,618742.279
2025-11-05 08:00:00,156.47,157.63,153.67,157.48,688517.494
2025-11-05 12:00:00,157.48,160.57,156.77,160.5,848056.116
2025-11-05 16:00:00,160.5,163.93,158.57,162.53,793259.484
2025-11-05 20:00:00,162.53,163.97,161.12,162.37,390450.793
2025-11-06 00:00:00,162.37,162.91,159.7,162.45,646585.508
2025-11-06 04:00:00,162.46,162.75,158.25,158.84,375368.033
2025-11-06 08:00:00,158.84,159.9,157.66,158.85,462417.2
2025-11-06 12:00:00,158.85,161.51,155.4,155.92,933014.212
2025-11-06 16:00:00,155.92,158.67,153.8,156.89,768891.367
2025-11-06 20:00:00,156.89,157.82,153.45,155.28,390477.007
2025-11-07 00:00:00,155.27,158.62,154.22,156.85,516516.016
2025-11-07 04:00:00,156.86,158.28,155.24,157.79,343595.132
2025-11-07 08:00:00,157.79,158.21,151.67,153.85,557571.888
2025-11-07 12:00:00,153.86,156.27,149.82,155.42,1207437.006
2025-11-07 16:00:00,155.42,164.48,154.4,164.17,1019600.496
2025-11-07 20:00:00,164.17,164.41,161.61,161.79,568357.434
2025-11-08 00:00:00,161.8,164.89,160.59,162.52,546395.306
2025-11-08 04:00:00,162.52,163.66,159.58,161.06,346943.276
2025-11-08 08:00:00,161.05,162.34,159.01,159.39,421708.497
2025-11-08 12:00:00,159.39,159.7,155.9,156.65,572620.926
2025-11-08 16:00:00,156.65,158.18,155.8,157.36,375927.994
2025-11-08 20:00:00,157.36,158.44,157.22,158.02,239331.241
2025-11-09 00:00:00,158.01,158.32,155.11,155.88,306080.487
2025-11-09 04:00:00,155.89,159.58,155.85,159.3,429866.591
2025-11-09 08:00:00,159.29,159.94,157.28,159.06,263577.165
2025-11-09 12:00:00,159.06,163.98,158.59,162.53,1151496.478
2025-11-09 16:00:00,162.53,166.31,161.23,166.15,628834.464
2025-11-09 20:00:00,166.16,166.57,163.93,164.53,451934.39
2025-11-10 00:00:00,164.53,168.76,163.42,168.12,756387.017
2025-11-10 04:00:00,168.13,168.92,166.38,167.38,429425.483
2025-11-10 08:00:00,167.38,169.81,166.11,168.33,504546.393
2025-11-10 12:00:00,168.32,170.48,165.2,166.26,940561.178
2025-11-10 16:00:00,166.26,168.49,165.25,167.19,599038.76
2025-11-10 20:00:00,167.19,168.41,164.81,167.31,399002.295
2025-11-11 00:00:00,167.31,171.94,166.0,169.97,753568.353
2025-11-11 04:00:00,169.97,170.11,163.57,163.98,922944.548
2025-11-11 08:00:00,163.98,164.97,162.7,163.69,576448.391
2025-11-11 12:00:00,163.69,164.37,160.0,160.89,1180837.363
2025-11-11 16:00:00,160.88,161.22,157.42,157.58,629419.687
2025-11-11 20:00:00,157.59,157.87,153.93,154.63,638885.871
2025-11-12 00:00:00,154.63,155.58,153.59,154.57,587229.658
2025-11-12 04:00:00,154.58,156.57,154.2,155.02,544393.301
2025-11-12 08:00:00,155.03,161.14,155.0,160.03,813653.125
2025-11-12 12:00:00,160.03,161.06,155.23,155.73,848259.406
2025-11-12 16:00:00,155.73,156.21,151.2,153.05,1010302.977
2025-11-12 20:00:00,153.04,154.68,152.54,153.42,335367.0
2025-11-13 00:00:00,153.43,155.78,150.42,154.33,674316.17
2025-11-13 04:00:00,154.33,157.2,153.4,155.31,660873.561
2025-11-13 08:00:00,155.3,156.5,153.86,156.3,417271.961
2025-11-13 12:00:00,156.3,156.96,152.26,153.13,862678.228
2025-11-13 16:00:00,153.12,153.41,142.04,142.73,1600894.008
2025-11-13 20:00:00,142.73,146.25,141.04,144.73,1202155.769
2025-11-14 00:00:00,144.74,145.68,142.8,144.28,689700.077
2025-11-14 04:00:00,144.27,144.48,138.71,142.85,1432639.09
2025-11-14 08:00:00,142.85,143.19,139.84,140.77,769504.935
2025-11-14 12:00:00,140.76,143.76,135.76,142.23,2107292.107
2025-11-14 16:00:00,142.23,144.22,140.57,143.14,685439.553
2025-11-14 20:00:00,143.14,143.24,137.2,138.92,491849.385
2025-11-15 00:00:00,138.93,143.35,138.75,142.53,485860.587
2025-11-15 04:00:00,142.54,143.59,141.81,142.76,321053.134
2025-11-15 08:00:00,142.75,142.84,139.97,140.22,358754.991
2025-11-15 12:00:00,140.21,142.26,139.98,141.72,345360.745
2025-11-15 16:00:00,141.72,144.69,140.81,141.77,451561.081
2025-11-15 20:00:00,141.78,141.96,138.61,139.61,388887.484
2025-11-16 00:00:00,139.6,141.52,137.39,141.43,409097.314
2025-11-16 04:00:00,141.43,142.46,140.73,142.31,249302.74
2025-11-16 08:00:00,142.31,143.38,139.5,139.92,436307.484
2025-11-16 12:00:00,139.91,140.85,137.15,137.48,500550.897
2025-11-16 16:00:00,137.47,138.51,134.42,136.83,1113334.674
2025-11-16 20:00:00,136.83,138.17,134.91,137.17,676841.175
2025-11-17 00:00:00,137.17,140.79,136.09,140.28,678176.064
2025-11-17 04:00:00,140.28,141.85,139.66,141.33,381720.702
2025-11-17 08:00:00,141.33,142.8,140.94,141.9,530510.527
2025-11-17 12:00:00,141.9,143.28,136.8,137.16,1374053.29
2025-11-17 16:00:00,137.16,137.21,129.37,129.65,1876713.067
2025-11-17 20:00:00,129.64,131.97,128.82,130.99,783547.125
2025-11-18 00:00:00,131.0,135.23,129.0,134.51,1200360.695
2025-11-18 04:00:00,134.52,137.81,132.52,136.92,1476375.518
2025-11-18 08:00:00,136.93,139.12,136.47,137.88,708678.511
2025-11-18 12:00:00,137.88,142.17,136.84,139.7,1077764.638
2025-11-18 16:00:00,139.7,142.12,138.77,141.44,657471.269
2025-11-18 20:00:00,141.45,142.12,139.66,140.69,408198.179
2025-11-19 00:00:00,140.68,142.84,139.29,139.81,619607.706
2025-11-19 04:00:00,139.8,141.14,137.12,140.58,661015.288
2025-11-19 08:00:00,140.57,141.03,138.35,138.56,368670.991
2025-11-19 12:00:00,138.57,139.23,134.42,134.62,1000992.166
2025-11-19 16:00:00,134.61,135.45,130.53,131.74,844399.747
2025-11-19 20:00:00,131.74,137.06,131.36,137.06,773781.146
2025-11-20 00:00:00,137.06,144.46,136.38,143.18,1377106.515
2025-11-20 04:00:00,143.18,144.8,142.19,143.8,722228.139
2025-11-20 08:00:00,143.8,143.96,141.07,142.12,602504.635
2025-11-20 12:00:00,142.12,143.39,138.35,138.57,1002193.061
2025-11-20 16:00:00,138.56,138.74,131.11,133.92,2507134.344
2025-11-20 20:00:00,133.91,136.68,132.66,133.67,837087.53
2025-11-21 00:00:00,133.67,135.06,131.03,132.62,851377.991
2025-11-21 04:00:00,132.62,133.1,122.2,127.55,1943288.477
2025-11-21 08:00:00,127.55,129.45,123.79,124.32,1669518.962
2025-11-21 12:00:00,124.32,129.61,121.66,125.41,2087383.232
2025-11-21 16:00:00,125.4,130.62,123.58,128.12,1111016.931
2025-11-21 20:00:00,128.12,129.36,125.11,128.68,623300.1
2025-11-22 00:00:00,128.69,129.94,126.82,127.13,476869.742
2025-11-22 04:00:00,127.13,128.39,125.35,127.74,519649.141
2025-11-22 08:00:00,127.74,127.74,125.32,126.68,475095.143
2025-11-22 12:00:00,126.68,127.79,125.08,127.13,440628.354
2025-11-22 16:00:00,127.13,128.6,126.79,127.2,414704.394
2025-11-22 20:00:00,127.2,128.92,126.1,127.59,285541.085
2025-11-23 00:00:00,127.6,130.8,127.56,129.96,491028.466
2025-11-23 04:00:00,129.95,131.9,128.11,128.86,491253.734
2025-11-23 08:00:00,128.86,130.99,128.83,129.75,300116.288
2025-11-23 12:00:00,129.76,133.13,129.65,132.87,760576.743
2025-11-23 16:00:00,132.88,133.47,130.84,132.38,413285.315
2025-11-23 20:00:00,132.39,133.54,130.52,130.58,362454.644
2025-11-24 00:00:00,130.58,134.41,129.31,133.43,667217.445
2025-11-24 04:00:00,133.42,133.93,130.19,130.34,736429.477
2025-11-24 08:00:00,130.33,130.76,128.44,129.62,488160.134
2025-11-24 12:00:00,129.61,132.6,128.54,131.94,865454.321
2025-11-24 16:00:00,131.93,138.0,131.82,137.24,1171221.116
2025-11-24 20:00:00,137.24,139.87,137.24,138.44,816374.553
2025-11-25 00:00:00,138.43,138.99,137.25,137.8,339660.447
2025-11-25 04:00:00,137.8,138.97,136.3,136.33,283357.024
2025-11-25 08:00:00,136.33,136.84,134.73,136.29,516734.358
2025-11-25 12:00:00,136.29,136.98,133.13,134.86,773169.974
2025-11-25 16:00:00,134.86,138.02,134.24,136.72,571150.898
2025-11-25 20:00:00,136.73,140.5,135.98,138.96,510747.152
2025-11-26 00:00:00,138.96,140.68,137.92,138.15,466628.933
2025-11-26 04:00:00,138.15,139.95,137.72,139.89,422753.327
2025-11-26 08:00:00,139.88,139.93,136.21,136.87,482180.089
2025-11-26 12:00:00,136.86,138.29,135.5,136.66,888185.7
2025-11-26 16:00:00,136.67,144.75,136.46,143.99,1267639.711
2025-11-26 20:00:00,143.99,144.23,142.51,143.02,494474.91
2025-11-27 00:00:00,143.01,144.14,142.07,142.52,427643.815
2025-11-27 04:00:00,142.52,144.29,142.33,143.77,335308.642
2025-11-27 08:00:00,143.77,143.9,141.51,142.08,325361.224
2025-11-27 12:00:00,142.08,142.54,140.67,142.15,407380.925
2025-11-27 16:00:00,142.15,143.15,141.43,142.73,548532.704
2025-11-27 20:00:00,142.73,142.91,140.47,140.85,287445.879
2025-11-28 00:00:00,140.85,141.45,138.59,139.68,414090.873
2025-11-28 04:00:00,139.68,140.6,138.97,138.97,337429.517
2025-11-28 08:00:00,138.98,142.64,138.95,140.99,614761.359
2025-11-28 12:00:00,140.99,143.6,140.43,141.61,937180.174
2025-11-28 16:00:00,141.62,141.65,136.01,137.53,896752.777
2025-11-28 20:00:00,137.54,138.3,136.59,137.33,302295.331
2025-11-29 00:00:00,137.33,137.89,136.7,136.83,246755.399
2025-11-29 04:00:00,136.84,137.72,136.22,137.28,316477.661
2025-11-29 08:00:00,137.28,137.48,136.39,137.33,265128.876
2025-11-29 12:00:00,137.33,137.66,136.5,137.58,234356.046
2025-11-29 16:00:00,137.58,138.1,134.76,135.68,526704.726
2025-11-29 20:00:00,135.67,136.52,135.33,135.91,269898.463
2025-11-30 00:00:00,135.92,136.8,135.25,136.4,431086.668
2025-11-30 04:00:00,136.41,136.95,135.52,136.53,237426.821
2025-11-30 08:00:00,136.52,137.1,136.12,136.42,254052.047
2025-11-30 12:00:00,136.43,140.19,136.2,138.33,701970.735
2025-11-30 16:00:00,138.34,139.82,137.37,137.63,426964.132
2025-11-30 20:00:00,137.62,137.93,133.26,133.48,556664.926
2025-12-01 00:00:00,133.48,133.74,126.53,126.97,1614647.797
2025-12-01 04:00:00,126.97,127.47,125.81,127.42,509645.046
2025-12-01 08:00:00,127.41,128.09,126.86,127.12,381155.306
2025-12-01 12:00:00,127.12,127.72,123.11,125.11,1064958.117
2025-12-01 16:00:00,125.11,125.34,123.27,123.86,828331.629
2025-12-01 20:00:00,123.86,127.43,123.83,126.66,608766.162
2025-12-02 00:00:00,126.66,128.54,126.02,127.23,442656.697
2025-12-02 04:00:00,127.23,127.85,126.44,127.26,303815.075
2025-12-02 08:00:00,127.26,128.84,126.01,128.31,388778.098
2025-12-02 12:00:00,128.32,139.87,128.2,137.84,1918984.282
2025-12-02 16:00:00,137.83,140.88,137.38,140.25,1232076.53
2025-12-02 20:00:00,140.26,140.38,138.2,138.68,736546.065
2025-12-03 00:00:00,138.67,140.65,137.76,140.33,591646.275
2025-12-03 04:00:00,140.33,144.26,140.18,141.88,755059.692
2025-12-03 08:00:00,141.89,142.67,140.75,141.72,338898.158
2025-12-03 12:00:00,141.72,143.59,138.78,141.0,747077.707
2025-12-03 16:00:00,141.0,142.39,139.87,141.28,633714.55
2025-12-03 20:00:00,141.27,146.08,140.74,144.67,887748.423
2025-12-04 00:00:00,144.67,146.91,143.64,144.67,440212.323
2025-12-04 04:00:00,144.68,144.9,142.64,143.47,358054.306
2025-12-04 08:00:00,143.47,144.2,142.7,143.06,281400.1
2025-12-04 12:00:00,143.05,144.26,141.44,143.21,633420.385
2025-12-04 16:00:00,143.2,143.85,137.8,139.67,637344.565
2025-12-04 20:00:00,139.66,140.5,138.5,139.01,343810.562
2025-12-05 00:00:00,139.01,140.2,138.3,138.56,357991.819
2025-12-05 04:00:00,138.55,140.75,137.77,139.68,413520.051
2025-12-05 08:00:00,139.67,139.67,136.13,137.02,613358.33
2025-12-05 12:00:00,137.01,137.2,134.41,135.05,801747.685
2025-12-05 16:00:00,135.04,135.2,130.73,132.5,883797.163
2025-12-05 20:00:00,132.49,133.43,131.96,133.29,296944.095
2025-12-06 00:00:00,133.29,134.13,132.8,133.74,194365.776
2025-12-06 04:00:00,133.73,133.75,132.56,132.72,144527.272
2025-12-06 08:00:00,132.73,133.29,131.88,133.22,184726.431
2025-12-06 12:00:00,133.23,133.99,132.21,132.87,278722.107
2025-12-06 16:00:00,132.88,133.54,131.78,132.06,360865.546
2025-12-06 20:00:00,132.07,132.93,131.28,132.19,178388.299
2025-12-07 00:00:00,132.2,133.59,131.93,133.5,186402.891
2025-12-07 04:00:00,133.5,133.54,131.91,132.08,160470.239
2025-12-07 08:00:00,132.09,132.59,131.53,132.44,199293.589
2025-12-07 12:00:00,132.43,133.07,127.7,132.03,1062856.34
2025-12-07 16:00:00,132.03,136.29,130.49,135.72,933154.236
2025-12-07 20:00:00,135.73,136.35,129.8,132.24,589627.196
2025-12-08 00:00:00,132.25,134.71,131.52,134.32,358010.639
2025-12-08 04:00:00,134.32,136.0,134.07,135.85,370405.378
2025-12-08 08:00:00,135.85,139.36,135.65,138.37,542414.345
2025-12-08 12:00:00,138.37,139.32,135.24,135.55,770614.772
2025-12-08 16:00:00,135.54,136.54,133.02,133.67,655059.641
2025-12-08 20:00:00,133.66,134.94,132.45,133.25,548610.651
2025-12-09 00:00:00,133.24,134.42,132.47,134.18,370817.475
2025-12-09 04:00:00,134.18,134.26,131.77,133.2,383953.547
2025-12-09 08:00:00,133.21,133.42,132.01,132.95,213047.581
2025-12-09 12:00:00,132.95,138.5,131.62,138.45,889986.691
2025-12-09 16:00:00,138.46,144.93,138.45,142.1,1856643.017
2025-12-09 20:00:00,142.11,142.34,136.71,137.88,794073.723
2025-12-10 00:00:00,137.87,138.61,137.19,138.15,660905.384
2025-12-10 04:00:00,138.15,140.22,138.05,139.2,371289.473
2025-12-10 08:00:00,139.2,139.88,136.33,137.24,512812.667
2025-12-10 12:00:00,137.23,138.16,135.71,136.17,485961.302
2025-12-10 16:00:00,136.16,139.64,135.73,138.67,1261516.677
2025-12-10 20:00:00,138.67,142.57,135.39,136.26,1227744.773
2025-12-11 00:00:00,136.26,136.43,129.0,129.39,1248018.99
2025-12-11 04:00:00,129.39,131.52,129.04,131.03,542883.636
2025-12-11 08:00:00,131.03,131.41,130.15,130.93,321975.149
2025-12-11 12:00:00,130.93,132.82,129.84,131.18,566748.181
2025-12-11 16:00:00,131.17,135.58,130.12,133.91,856553.78
2025-12-11 20:00:00,133.9,137.79,133.82,136.41,841517.3
2025-12-12 00:00:00,136.41,137.95,135.35,137.08,459234.105
2025-12-12 04:00:00,137.08,140.12,136.52,139.09,578561.574
2025-12-12 08:00:00,139.09,139.15,137.19,138.71,429778.284
2025-12-12 12:00:00,138.72,139.86,132.85,133.49,1072554.749
2025-12-12 16:00:00,133.48,133.95,130.35,131.27,1096274.013
2025-12-12 20:00:00,131.27,133.07,131.0,132.27,369205.537
2025-12-13 00:00:00,132.28,133.0,132.28,132.88,226995.391
2025-12-13 04:00:00,132.88,133.02,132.33,132.93,148161.676
2025-12-13 08:00:00,132.94,134.28,132.93,133.32,341456.626
2025-12-13 12:00:00,133.31,133.68,132.61,133.31,230235.882
2025-12-13 16:00:00,133.3,133.82,132.11,132.72,306223.432
2025-12-13 20:00:00,132.73,133.27,131.6,133.14,219410.728
2025-12-14 00:00:00,133.13,133.66,132.71,132.95,180565.013
2025-12-14 04:00:00,132.95,133.39,132.08,133.29,166985.072
2025-12-14 08:00:00,133.28,133.5,130.14,131.47,483157.35
2025-12-14 12:00:00,131.46,131.9,130.33,130.67,237483.44
2025-12-14 16:00:00,130.67,131.6,129.4,130.31,292036.324
2025-12-14 20:00:00,130.3,130.8,127.98,129.4,371387.438
2025-12-15 00:00:00,129.39,133.25,129.29,131.16,436829.082
2025-12-15 04:00:00,131.17,132.71,130.88,132.34,278768.459
2025-12-15 08:00:00,132.34,133.03,132.06,132.26,255593.536
2025-12-15 12:00:00,132.25,135.43,126.45,126.89,1435432.876
2025-12-15 16:00:00,126.89,127.3,123.63,125.02,995885.893
2025-12-15 20:00:00,125.01,127.87,123.88,127.81,519921.154
2025-12-16 00:00:00,127.81,128.03,124.94,126.51,378647.204
2025-12-16 04:00:00,126.5,127.48,124.87,125.57,313403.327
2025-12-16 08:00:00,125.57,129.04,125.43,128.63,442177.138
2025-12-16 12:00:00,128.62,130.14,126.11,129.75,964353.121
2025-12-16 16:00:00,129.75,129.85,126.77,127.73,490608.453
2025-12-16 20:00:00,127.72,129.52,127.43,129.15,295594.755
2025-12-17 00:00:00,129.15,129.82,128.21,128.24,274681.225
2025-12-17 04:00:00,128.25,128.57,127.02,128.27,212978.941
2025-12-17 08:00:00,128.26,128.26,125.96,127.62,348417.329
2025-12-17 12:00:00,127.62,133.99,126.58,126.77,1751793.852
2025-12-17 16:00:00,126.76,127.98,121.36,122.39,1509621.617
2025-12-17 20:00:00,122.39,123.76,121.95,123.27,428087.252
2025-12-18 00:00:00,123.28,124.16,122.98,123.65,269021.744
2025-12-18 04:00:00,123.64,124.13,122.21,122.83,274154.785
2025-12-18 08:00:00,122.83,124.15,122.46,124.07,308080.361
2025-12-18 12:00:00,124.07,129.05,123.65,127.4,1416724.357
2025-12-18 16:00:00,127.41,127.5,117.44,117.56,1725114.044
2025-12-18 20:00:00,117.55,120.2,116.88,119.6,797699.717
2025-12-19 00:00:00,119.6,122.54,117.61,121.59,620548.236
2025-12-19 04:00:00,121.58,125.34,121.35,124.44,766760.883
2025-12-19 08:00:00,124.43,125.74,123.86,125.36,429965.695
2025-12-19 12:00:00,125.36,127.66,124.68,125.09,1032574.73
2025-12-19 16:00:00,125.09,126.97,123.59,126.25,787628.9
2025-12-19 20:00:00,126.25,127.87,126.08,126.27,453070.148
2025-12-20 00:00:00,126.27,126.49,125.3,126.21,211468.403
2025-12-20 04:00:00,126.21,126.69,125.87,126.17,171149.665
2025-12-20 08:00:00,126.18,126.89,125.87,126.47,185508.42
2025-12-20 12:00:00,126.47,126.67,125.45,126.58,299054.266
2025-12-20 16:00:00,126.59,126.71,125.75,126.05,171313.72
2025-12-20 20:00:00,126.05,126.55,125.63,125.81,190859.112
2025-12-21 00:00:00,125.8,126.11,124.68,125.22,302141.19
2025-12-21 04:00:00,125.22,125.54,125.07,125.3,88267.393
2025-12-21 08:00:00,125.29,126.62,124.8,125.48,338562.937
2025-12-21 12:00:00,125.47,126.06,123.4,125.05,489203.858
2025-12-21 16:00:00,125.05,126.35,124.37,125.67,392876.601
2025-12-21 20:00:00,125.67,126.3,124.7,126.03,201051.21
2025-12-22 00:00:00,126.03,128.56,124.5,126.02,633482.79
2025-12-22 04:00:00,126.02,126.73,125.56,126.31,210045.452
2025-12-22 08:00:00,126.3,127.46,125.49,127.01,323742.174
2025-12-22 12:00:00,127.0,128.78,126.32,128.07,599849.007
2025-12-22 16:00:00,128.07,128.37,124.64,124.66,544203.633
2025-12-22 20:00:00,124.66,126.03,124.2,125.93,356266.09
2025-12-23 00:00:00,125.93,126.93,124.9,125.63,273669.618
2025-12-23 04:00:00,125.62,126.08,123.77,124.19,334611.578
2025-12-23 08:00:00,124.19,125.23,123.93,124.86,238892.953
2025-12-23 12:00:00,124.85,124.93,122.16,123.37,625019.38
2025-12-23 16:00:00,123.36,124.94,122.78,123.99,591863.216
2025-12-23 20:00:00,123.99,125.65,123.46,124.01,375974.127
2025-12-24 00:00:00,124.02,124.3,121.76,122.72,288504.2
2025-12-24 04:00:00,122.71,123.06,120.63,121.31,296196.669
2025-12-24 08:00:00,121.32,122.23,121.11,122.04,223635.016
2025-12-24 12:00:00,122.04,122.94,120.7,122.73,334516.136
2025-12-24 16:00:00,122.73,123.46,121.77,122.86,282750.284
2025-12-24 20:00:00,122.86,123.4,122.47,122.53,179848.193
2025-12-25 00:00:00,122.52,123.15,122.09,122.7,124534.623
2025-12-25 04:00:00,122.7,122.86,122.1,122.27,192052.356
2025-12-25 08:00:00,122.27,122.65,121.31,121.65,221848.711
2025-12-25 12:00:00,121.65,124.1,121.58,123.68,304384.618
2025-12-25 16:00:00,123.68,124.46,122.8,123.47,456622.365
2025-12-25 20:00:00,123.47,123.52,119.71,120.06,518882.475
2025-12-26 00:00:00,120.05,124.39,119.24,122.67,1039854.911
2025-12-26 04:00:00,122.67,123.99,121.8,122.72,385175.709
2025-12-26 08:00:00,122.71,124.13,122.29,123.84,447196.921
2025-12-26 12:00:00,123.83,125.14,120.45,121.55,920653.675
2025-12-26 16:00:00,121.55,122.4,121.17,122.15,340435.318
2025-12-26 20:00:00,122.16,122.67,121.82,122.26,193200.028
2025-12-27 00:00:00,122.27,123.8,121.86,123.67,340920.475
2025-12-27 04:00:00,123.67,123.74,122.77,123.16,158392.772
2025-12-27 08:00:00,123.15,123.34,122.51,122.99,130349.401
2025-12-27 12:00:00,122.98,123.66,122.74,123.31,128455.593
2025-12-27 16:00:00,123.32,123.45,122.76,123.28,201980.957
2025-12-27 20:00:00,123.27,125.08,123.27,124.73,397702.914
2025-12-28 00:00:00,124.74,124.9,123.9,124.13,188257.144
2025-12-28 04:00:00,124.12,124.34,123.61,124.23,132623.897
2025-12-28 08:00:00,124.23,124.84,124.0,124.65,210645.397
2025-12-28 12:00:00,124.65,125.03,124.3,124.44,246329.397
2025-12-28 16:00:00,124.44,124.77,123.08,123.3,527227.822
2025-12-28 20:00:00,123.3,125.64,123.1,125.27,523876.794
2025-12-29 00:00:00,125.27,130.16,125.01,128.58,1570857.086
2025-12-29 04:00:00,128.58,129.15,127.2,127.88,540783.503
2025-12-29 08:00:00,127.88,128.47,125.01,125.08,644155.681
2025-12-29 12:00:00,125.08,125.41,122.36,123.44,961859.699
2025-12-29 16:00:00,123.43,123.98,122.63,123.06,366732.972
2025-12-29 20:00:00,123.07,123.62,122.86,123.28,223206.164
2025-12-30 00:00:00,123.28,123.93,122.58,123.8,212290.371
2025-12-30 04:00:00,123.79,124.35,123.2,124.02,292747.345
2025-12-30 08:00:00,124.02,125.15,124.0,124.3,399345.688
2025-12-30 12:00:00,124.29,125.35,123.54,125.16,561575.424
2025-12-30 16:00:00,125.16,126.52,123.78,124.71,695920.332
2025-12-30 20:00:00,124.71,125.14,123.5,125.01,318752.356
2025-12-31 00:00:00,125.02,126.09,124.41,125.82,385546.726
2025-12-31 04:00:00,125.81,126.1,125.38,125.99,204182.586
2025-12-31 08:00:00,125.99,126.85,125.44,126.73,254276.093
2025-12-31 12:00:00,126.73,127.44,125.01,125.59,484377.049
2025-12-31 16:00:00,125.58,125.74,124.31,124.39,323537.14
2025-12-31 20:00:00,124.38,132.75,122.99,124.65,1289724.064
2026-01-01 00:00:00,124.64,125.8,124.6,125.21,245926.338
2026-01-01 04:00:00,125.22,125.32,124.22,124.24,156389.379
2026-01-01 08:00:00,124.24,125.29,124.15,125.22,343252.977
2026-01-01 12:00:00,125.23,125.28,124.39,124.96,310752.549
2026-01-01 16:00:00,124.96,125.79,124.28,125.76,384537.993
2026-01-01 20:00:00,125.76,127.25,125.31,126.9,292805.742
2026-01-02 00:00:00,126.91,127.99,125.84,127.53,380568.162
2026-01-02 04:00:00,127.53,127.72,126.75,127.13,180338.215
2026-01-02 08:00:00,127.14,129.99,127.13,128.22,625544.285
2026-01-02 12:00:00,128.21,129.65,126.82,128.98,627670.56
2026-01-02 16:00:00,128.98,132.3,128.68,131.63,745970.82
2026-01-02 20:00:00,131.63,133.25,130.83,132.29,364135.33
2026-01-03 00:00:00,132.28,133.17,132.06,132.83,270844.665
2026-01-03 04:00:00,132.83,132.93,129.6,130.1,368318.036
2026-01-03 08:00:00,130.09,131.44,129.8,130.71,253605.01
2026-01-03 12:00:00,130.71,132.18,130.5,131.47,238562.337
2026-01-03 16:00:00,131.48,132.12,131.47,131.78,150725.729
2026-01-03 20:00:00,131.78,133.99,131.35,133.37,238567.722
2026-01-04 00:00:00,133.37,134.97,133.31,134.62,397085.181
2026-01-04 04:00:00,134.62,135.0,133.66,133.8,302385.366
2026-01-04 08:00:00,133.8,134.88,133.2,134.39,263179.193
2026-01-04 12:00:00,134.39,135.35,133.75,134.91,350770.216
2026-01-04 16:00:00,134.91,135.54,133.12,133.56,339599.217
2026-01-04 20:00:00,133.55,134.86,133.4,134.12,156249.94
2026-01-05 00:00:00,134.12,137.75,134.01,136.64,651880.993
2026-01-05 04:00:00,136.64,136.79,134.63,135.45,328811.125
2026-01-05 08:00:00,135.45,136.06,134.75,135.77,342758.224
2026-01-05 12:00:00,135.77,136.47,133.18,136.13,798861.983
2026-01-05 16:00:00,136.13,138.82,134.31,138.23,765477.737
2026-01-05 20:00:00,138.23,139.87,137.72,137.9,439777.422
2026-01-06 00:00:00,137.91,138.63,136.89,138.38,341713.209
2026-01-06 04:00:00,138.38,140.08,137.35,137.61,507045.105
2026-01-06 08:00:00,137.6,139.7,137.4,139.5,416041.928
2026-01-06 12:00:00,139.5,143.48,138.72,141.6,1164131.173
2026-01-06 16:00:00,141.59,141.95,136.19,137.53,841636.852
2026-01-06 20:00:00,137.53,141.99,137.51,141.08,501226.85
2026-01-07 00:00:00,141.08,141.4,138.52,139.58,365641.21
2026-01-07 04:00:00,139.59,139.72,138.15,139.39,254909.392
2026-01-07 08:00:00,139.39,139.8,136.56,137.93,475525.662
2026-01-07 12:00:00,137.93,138.51,135.25,135.7,569355.221
2026-01-07 16:00:00,135.7,136.68,134.41,135.76,401993.748
2026-01-07 20:00:00,135.76,137.05,135.0,136.39,254216.945
2026-01-08 00:00:00,136.39,138.32,136.0,136.75,382004.008
2026-01-08 04:00:00,136.74,138.33,133.79,135.9,493314.371
2026-01-08 08:00:00,135.9,136.22,133.92,134.79,323607.294
2026-01-08 12:00:00,134.8,136.55,132.67,136.41,663928.576
2026-01-08 16:00:00,136.41,139.06,136.25,137.53,635387.085
2026-01-08 20:00:00,137.53,140.07,136.52,138.37,615196.501
2026-01-09 00:00:00,138.37,141.17,137.74,140.81,657548.768
2026-01-09 04:00:00,140.81,141.08,139.46,139.54,371513.458
2026-01-09 08:00:00,139.55,139.68,137.04,138.28,621265.565
2026-01-09 12:00:00,138.27,140.89,136.13,138.82,965343.639
2026-01-09 16:00:00,138.82,140.25,135.44,135.81,776742.657
2026-01-09 20:00:00,135.8,136.45,134.98,135.97,386133.909
2026-01-10 00:00:00,135.96,136.69,135.68,136.15,206284.98
2026-01-10 04:00:00,136.15,136.34,135.75,136.09,127461.094
2026-01-10 08:00:00,136.09,137.05,136.0,136.58,203467.601
2026-01-10 12:00:00,136.58,137.04,136.01,136.42,180816.347
2026-01-10 16:00:00,136.42,136.71,135.85,136.22,163655.47
2026-01-10 20:00:00,136.22,136.27,135.37,135.84,119151.512
2026-01-11 00:00:00,135.85,136.47,135.75,136.26,140444.874
2026-01-11 04:00:00,136.26,136.43,135.88,136.2,118593.443
2026-01-11 08:00:00,136.2,136.91,136.1,136.58,197166.958
2026-01-11 12:00:00,136.58,139.55,136.52,138.43,474319.406
2026-01-11 16:00:00,138.44,141.6,138.43,139.43,775597.184
2026-01-11 20:00:00,139.42,139.77,137.49,139.7,503791.341
2026-01-12 00:00:00,139.69,144.4,138.92,142.54,1277457.951
2026-01-12 04:00:00,142.54,143.35,141.36,141.41,430457.211
2026-01-12 08:00:00,141.42,142.05,139.04,140.03,524699.387
2026-01-12 12:00:00,140.02,142.74,138.69,142.58,532621.648
2026-01-12 16:00:00,142.58,144.33,140.58,140.99,859921.736
2026-01-12 20:00:00,141.0,141.86,138.34,139.22,534962.158
2026-01-13 00:00:00,139.21,139.58,137.82,138.74,538089.341
2026-01-13 04:00:00,138.75,140.76,138.39,139.97,420710.949
2026-01-13 08:00:00,139.97,143.12,139.97,141.84,676254.562
2026-01-13 12:00:00,141.84,143.84,141.21,143.51,907770.282
2026-01-13 16:00:00,143.51,144.55,142.43,144.24,533027.793
2026-01-13 20:00:00,144.24,148.74,143.0,145.51,1119229.541
2026-01-14 00:00:00,145.52,146.6,144.33,146.29,640347.025
2026-01-14 04:00:00,146.28,146.46,143.92,144.86,540588.653
2026-01-14 08:00:00,144.85,145.76,143.53,143.77,379406.477
2026-01-14 12:00:00,143.76,147.56,143.37,147.07,925906.865
2026-01-14 16:00:00,147.07,148.44,145.32,146.8,852900.589
2026-01-14 20:00:00,146.8,147.73,145.84,146.69,355927.769
2026-01-15 00:00:00,146.7,146.73,143.21,143.49,481901.961
2026-01-15 04:00:00,143.49,145.29,143.28,144.99,279031.191
2026-01-15 08:00:00,145.0,146.0,144.02,144.86,293200.656
2026-01-15 12:00:00,144.85,145.65,141.78,143.48,759898.546
2026-01-15 16:00:00,143.48,144.2,140.9,141.53,449424.795
2026-01-15 20:00:00,141.53,142.66,141.02,142.4,198685.99
2026-01-16 00:00:00,142.41,142.82,141.68,141.97,188314.507
2026-01-16 04:00:00,141.97,143.63,141.39,142.95,358079.428
2026-01-16 08:00:00,142.95,143.55,142.71,143.14,220271.618
2026-01-16 12:00:00,143.14,143.86,140.26,140.78,444575.491
2026-01-16 16:00:00,140.77,144.52,140.65,144.18,389096.314
2026-01-16 20:00:00,144.17,145.55,143.49,144.89,300541.668
2026-01-17 00:00:00,144.9,144.99,144.2,144.37,183972.751
2026-01-17 04:00:00,144.36,144.5,143.64,143.64,87054.038
2026-01-17 08:00:00,143.64,144.65,143.32,144.0,162784.035
2026-01-17 12:00:00,144.0,144.35,143.6,144.33,152306.381
2026-01-17 16:00:00,144.33,144.55,143.64,144.27,136850.607
2026-01-17 20:00:00,144.26,144.58,143.51,143.72,112186.949
2026-01-18 00:00:00,143.73,144.0,141.95,142.83,350824.74
2026-01-18 04:00:00,142.82,143.04,142.03,142.11,235941.502
2026-01-18 08:00:00,142.12,142.65,141.93,142.39,161988.896
2026-01-18 12:00:00,142.39,142.73,141.5,142.0,235486.159
2026-01-18 16:00:00,141.99,143.25,141.75,142.27,326847.273
2026-01-18 20:00:00,142.28,143.04,137.74,137.87,566350.128
2026-01-19 00:00:00,137.87,137.87,130.0,133.94,1659939.961
2026-01-19 04:00:00,133.93,134.09,132.71,133.47,356148.558
2026-01-19 08:00:00,133.47,134.37,133.28,134.13,319123.004
2026-01-19 12:00:00,134.12,134.19,133.27,133.55,237599.599
2026-01-19 16:00:00,133.55,134.71,133.48,134.45,180405.16
2026-01-19 20:00:00,134.46,135.16,132.74,133.44,219308.488
2026-01-20 00:00:00,133.44,134.63,133.07,134.24,246904.288
2026-01-20 04:00:00,134.25,134.27,130.56,130.62,620942.691
2026-01-20 08:00:00,130.62,130.8,128.36,128.81,861902.149
2026-01-20 12:00:00,128.81,129.77,127.24,127.86,681240.951
2026-01-20 16:00:00,127.86,128.59,126.3,127.25,604031.57
2026-01-20 20:00:00,127.24,128.08,124.68,125.8,517402.231
2026-01-21 00:00:00,125.81,127.86,125.75,127.61,281091.101
2026-01-21 04:00:00,127.61,128.75,127.45,127.62,261374.286
2026-01-21 08:00:00,127.61,128.19,126.8,126.94,264176.038
2026-01-21 12:00:00,126.94,131.18,126.17,130.43,921029.372
2026-01-21 16:00:00,130.43,131.68,125.26,131.5,958735.821
2026-01-21 20:00:00,131.49,132.17,129.16,129.54,475329.742
2026-01-22 00:00:00,129.53,130.62,129.53,129.86,193930.579
2026-01-22 04:00:00,129.85,130.5,129.75,129.81,159631.228
2026-01-22 08:00:00,129.8,130.35,129.35,130.11,193470.625
2026-01-22 12:00:00,130.11,130.94,126.73,127.41,623936.658
2026-01-22 16:00:00,127.42,129.37,126.92,129.26,398309.713
2026-01-22 20:00:00,129.26,129.76,128.02,128.47,242307.659
2026-01-23 00:00:00,128.47,128.98,128.08,128.76,182007.469
2026-01-23 04:00:00,128.76,129.29,127.23,127.93,218313.976
2026-01-23 08:00:00,127.93,128.0,126.94,127.54,190897.481
2026-01-23 12:00:00,127.54,128.1,125.28,127.9,536316.127
2026-01-23 16:00:00,127.9,130.2,127.46,128.08,641698.867
2026-01-23 20:00:00,128.08,128.26,126.54,127.43,274829.157
2026-01-24 00:00:00,127.43,128.12,127.29,127.91,114727.901
2026-01-24 04:00:00,127.91,128.11,126.89,127.11,180692.089
2026-01-24 08:00:00,127.12,127.4,126.93,127.17,120056.338
2026-01-24 12:00:00,127.17,127.41,126.8,126.85,137033.224
2026-01-24 16:00:00,126.85,127.51,126.64,127.3,142790.201
2026-01-24 20:00:00,127.3,127.76,127.1,127.21,112120.242
2026-01-25 00:00:00,127.22,127.46,126.35,126.64,162322.356
2026-01-25 04:00:00,126.64,127.0,126.35,126.47,118525.085
2026-01-25 08:00:00,126.47,127.2,125.98,126.77,197673.019
2026-01-25 12:00:00,126.77,127.12,125.48,125.59,225134.285
2026-01-25 16:00:00,125.58,125.58,117.15,117.96,2305430.152
2026-01-25 20:00:00,117.96,119.45,117.38,118.85,1531794.552
2026-01-26 00:00:00,118.85,122.77,118.53,121.57,478950.112
2026-01-26 04:00:00,121.58,123.62,121.57,122.89,249077.029
2026-01-26 08:00:00,122.9,123.59,121.76,122.5,295031.127
2026-01-26 12:00:00,122.51,125.2,122.35,123.53,594653.174
2026-01-26 16:00:00,123.53,125.6,123.03,124.31,472340.453
2026-01-26 20:00:00,124.31,124.88,123.42,124.24,265699.468
2026-01-27 00:00:00,124.24,125.17,123.73,124.51,222042.734
2026-01-27 04:00:00,124.51,125.15,124.0,124.52,197767.215
2026-01-27 08:00:00,124.52,124.79,123.57,124.12,224263.439
2026-01-27 12:00:00,124.12,125.06,123.12,125.01,297484.055
2026-01-27 16:00:00,125.01,126.79,123.55,125.85,635375.613
2026-01-27 20:00:00,125.84,127.84,125.73,127.19,459575.986
2026-01-28 00:00:00,127.18,127.52,126.65,126.96,197099.29
2026-01-28 04:00:00,126.96,127.54,126.45,127.1,190954.093
2026-01-28 08:00:00,127.09,128.34,125.97,128.17,352797.501
2026-01-28 12:00:00,128.16,128.25,125.52,126.07,516333.673
2026-01-28 16:00:00,126.06,127.04,125.26,126.01,434021.822
2026-01-28 20:00:00,126.0,126.68,124.78,125.35,306657.149
2026-01-29 00:00:00,125.34,125.51,122.7,123.07,379002.267
2026-01-29 04:00:00,123.07,123.98,122.5,123.78,182453.497
2026-01-29 08:00:00,123.78,123.93,122.66,122.76,204252.171
2026-01-29 12:00:00,122.76,123.34,116.12,117.69,1150715.435
2026-01-29 16:00:00,117.69,119.96,115.39,116.84,1351851.927
2026-01-29 20:00:00,116.84,117.91,116.56,117.82,462338.176
2026-01-30 00:00:00,117.82,118.14,112.14,114.43,1234004.18
2026-01-30 04:00:00,114.44,116.13,113.01,115.78,715888.113
2026-01-30 08:00:00,115.78,117.28,114.67,117.08,534204.7
2026-01-30 12:00:00,117.08,117.64,114.58,116.8,718933.599
2026-01-30 16:00:00,116.8,119.12,114.34,118.3,1049347.959
2026-01-30 20:00:00,118.29,118.43,116.52,117.59,508628.191
2026-01-31 00:00:00,117.6,118.66,117.39,118.39,320657.229
2026-01-31 04:00:00,118.39,118.85,117.2,117.37,436088.984
2026-01-31 08:00:00,117.38,117.53,114.29,116.05,868789.917
2026-01-31 12:00:00,116.06,116.19,108.23,108.65,1790442.231
2026-01-31 16:00:00,108.65,109.83,96.4,101.78,4226686.938
2026-01-31 20:00:00,101.77,106.55,100.4,105.58,924733.027
2026-02-01 00:00:00,105.58,106.43,104.23,104.97,421440.566
2026-02-01 04:00:00,104.97,106.02,103.96,105.2,396862.046
2026-02-01 08:00:00,105.2,106.06,103.59,105.05,462122.883
2026-02-01 12:00:00,105.06,106.69,100.21,101.69,1033943.978
2026-02-01 16:00:00,101.7,104.27,100.93,101.94,674420.783
2026-02-01 20:00:00,101.94,102.88,98.02,100.79,1215465.795
2026-02-02 00:00:00,100.78,103.14,95.95,100.07,1510943.504
2026-02-02 04:00:00,100.08,102.43,97.07,101.43,1575814.215
2026-02-02 08:00:00,101.42,103.45,101.36,102.78,791326.614
2026-02-02 12:00:00,102.78,106.12,102.39,104.7,886338.746
2026-02-02 16:00:00,104.69,105.78,103.51,103.89,515713.965
2026-02-02 20:00:00,103.88,105.2,103.32,104.55,293895.637
2026-02-03 00:00:00,104.54,104.67,102.18,104.16,412975.486
2026-02-03 04:00:00,104.17,105.1,102.96,104.7,302547.584
2026-02-03 08:00:00,104.7,105.04,102.5,103.01,425554.138
2026-02-03 12:00:00,103.01,103.65,100.41,102.56,816223.896
2026-02-03 16:00:00,102.56,102.56,96.64,99.02,1469216.052
2026-02-03 20:00:00,99.01,102.07,97.21,97.89,1087500.959
2026-02-04 00:00:00,97.89,99.67,97.17,99.13,645253.047
2026-02-04 04:00:00,99.12,99.35,96.46,97.9,561956.452
2026-02-04 08:00:00,97.91,97.96,94.71,96.11,1023805.846
2026-02-04 12:00:00,96.12,96.73,91.31,92.79,1307738.609
2026-02-04 16:00:00,92.8,94.71,90.0,94.38,1621367.878
2026-02-04 20:00:00,94.38,94.5,89.3,92.12,1091337.539
2026-02-05 00:00:00,92.11,92.89,90.24,91.15,850851.31
2026-02-05 04:00:00,91.14,92.11,89.68,90.54,1143660.878
2026-02-05 08:00:00,90.55,93.43,88.66,89.98,1061546.234
2026-02-05 12:00:00,89.98,91.43,83.44,84.61,2217771.524
2026-02-05 16:00:00,84.61,86.2,81.21,81.68,1963466.057
2026-02-05 20:00:00,81.68,82.3,77.6,78.35,3006059.477
2026-02-06 00:00:00,78.34,80.3,67.5,76.71,4857838.166
2026-02-06 04:00:00,76.71,81.65,76.22,79.59,1318254.13
2026-02-06 08:00:00,79.6,82.04,78.67,81.36,1054296.776
2026-02-06 12:00:00,81.36,85.19,80.85,84.49,1705060.251
2026-02-06 16:00:00,84.48,88.72,83.66,87.09,1733549.251
2026-02-06 20:00:00,87.09,89.84,86.6,87.46,1142097.192
2026-02-07 00:00:00,87.45,88.39,85.91,88.1,818660.407
2026-02-07 04:00:00,88.09,89.04,84.16,85.29,975611.031
2026-02-07 08:00:00,85.29,85.74,84.51,84.91,448696.289
2026-02-07 12:00:00,84.9,87.2,84.85,86.57,569529.976
2026-02-07 16:00:00,86.56,89.19,86.17,88.3,1331970.845
2026-02-07 20:00:00,88.3,89.2,86.86,87.59,342180.932
2026-02-08 00:00:00,87.59,88.22,86.7,86.82,222639.846
2026-02-08 04:00:00,86.82,87.56,86.63,87.42,226616.219
2026-02-08 08:00:00,87.41,88.99,86.44,88.25,569978.386
2026-02-08 12:00:00,88.25,88.89,87.35,87.77,517939.822
2026-02-08 16:00:00,87.78,88.61,85.77,88.41,482648.823
2026-02-08 20:00:00,88.41,89.08,86.06,86.99,515175.587
2026-02-09 00:00:00,86.99,87.98,85.75,87.67,527305.418
2026-02-09 04:00:00,87.67,87.72,85.19,85.5,493099.359
2026-02-09 08:00:00,85.5,85.64,82.86,83.47,774366.769
2026-02-09 12:00:00,83.48,85.8,83.45,85.28,637293.722
2026-02-09 16:00:00,85.28,88.69,84.81,87.97,853076.189
2026-02-09 20:00:00,87.96,88.31,86.53,86.77,382510.959
2026-02-10 00:00:00,86.77,87.49,85.26,85.87,402093.534
2026-02-10 04:00:00,85.86,86.67,84.3,84.63,497685.532
2026-02-10 08:00:00,84.64,85.09,83.77,83.85,455095.703
2026-02-10 12:00:00,83.85,85.24,83.2,84.3,798245.638
2026-02-10 16:00:00,84.3,85.14,82.44,83.08,486935.392
2026-02-10 20:00:00,83.08,83.23,81.91,82.99,335156.306
2026-02-11 00:00:00,82.99,84.39,82.59,83.34,317157.796
2026-02-11 04:00:00,83.34,83.54,80.28,81.0,549886.454
2026-02-11 08:00:00,81.0,81.47,80.38,81.26,369689.127
2026-02-11 12:00:00,81.25,83.17,78.56,79.72,1281109.036
2026-02-11 16:00:00,79.72,80.94,78.04,79.72,711553.118
2026-02-11 20:00:00,79.72,81.11,78.8,79.3,585517.789
2026-02-12 00:00:00,79.31,80.79,79.26,80.62,286003.683
2026-02-12 04:00:00,80.63,80.99,79.5,80.77,278474.154
2026-02-12 08:00:00,80.77,82.25,80.32,81.87,426871.075
2026-02-12 12:00:00,81.87,82.13,80.1,80.12,655744.329
2026-02-12 16:00:00,80.13,80.22,77.03,77.62,927205.54
2026-02-12 20:00:00,77.62,78.52,76.6,78.4,621931.336
2026-02-13 00:00:00,78.39,79.48,77.53,79.05,370604.061
2026-02-13 04:00:00,79.05,79.27,77.85,78.99,343878.437
2026-02-13 08:00:00,78.99,80.62,78.86,80.31,453099.44
2026-02-13 12:00:00,80.31,84.34,79.73,83.2,994476.772
2026-02-13 16:00:00,83.2,85.63,82.92,84.66,834107.956
2026-02-13 20:00:00,84.65,85.19,84.12,84.33,374223.606
2026-02-14 00:00:00,84.34,85.3,84.21,85.06,289428.397
2026-02-14 04:00:00,85.07,85.27,84.35,85.19,156035.425
2026-02-14 08:00:00,85.19,87.33,85.16,87.29,581740.68
2026-02-14 12:00:00,87.29,87.69,86.0,87.44,570822.943
2026-02-14 16:00:00,87.44,88.47,86.99,88.2,665986.607
2026-02-14 20:00:00,88.21,88.9,87.29,88.06,434593.163
2026-02-15 00:00:00,88.06,88.78,87.31,88.61,477493.402
2026-02-15 04:00:00,88.6,90.98,88.35,90.74,806233.048
2026-02-15 08:00:00,90.74,91.26,89.01,89.17,713517.754
2026-02-15 12:00:00,89.18,89.63,86.66,87.42,766136.528
2026-02-15 16:00:00,87.41,87.88,85.2,85.34,714921.002
2026-02-15 20:00:00,85.35,86.7,84.89,86.16,450783.666
2026-02-16 00:00:00,86.15,86.63,84.79,85.14,667949.308
2026-02-16 04:00:00,85.15,85.91,84.47,85.06,346888.912
2026-02-16 08:00:00,85.07,86.26,84.49,85.52,431369.74
2026-02-16 12:00:00,85.52,86.93,82.55,83.21,1202171.279
2026-02-16 16:00:00,83.21,85.16,83.1,84.61,631216.887
2026-02-16 20:00:00,84.62,86.66,84.5,86.45,280155.685
2026-02-17 00:00:00,86.45,87.69,85.76,86.37,299751.05
2026-02-17 04:00:00,86.37,86.8,85.45,86.49,271821.33
2026-02-17 08:00:00,86.48,86.77,84.75,85.1,286692.036
2026-02-17 12:00:00,85.11,85.58,82.92,83.81,918074.82
2026-02-17 16:00:00,83.8,85.76,83.13,84.87,672706.801
2026-02-17 20:00:00,84.86,85.44,84.53,85.08,325609.828
2026-02-18 00:00:00,85.09,85.49,83.92,85.33,469767.043
2026-02-18 04:00:00,85.34,85.54,84.68,85.28,191825.649
2026-02-18 08:00:00,85.28,86.09,82.83,82.86,707916.188
2026-02-18 12:00:00,82.87,84.01,81.72,83.01,893829.759
2026-02-18 16:00:00,83.0,83.09,80.48,80.93,615426.553
2026-02-18 20:00:00,80.93,81.64,80.85,81.61,258838.778
2026-02-19 00:00:00,81.61,82.07,81.25,81.77,164987.112
2026-02-19 04:00:00,81.77,82.67,81.38,82.41,578429.861
2026-02-19 08:00:00,82.4,82.42,80.91,81.24,312028.085
2026-02-19 12:00:00,81.24,81.32,79.61,80.64,871083.315
2026-02-19 16:00:00,80.63,82.2,79.92,81.95,569169.832
2026-02-19 20:00:00,81.94,82.57,81.68,82.5,352579.285
2026-02-20 00:00:00,82.5,83.54,82.33,83.04,484575.741
2026-02-20 04:00:00,83.05,83.93,82.38,83.46,352315.371
2026-02-20 08:00:00,83.45,84.84,83.3,83.58,667959.132
2026-02-20 12:00:00,83.58,84.78,81.77,84.38,1113123.094
2026-02-20 16:00:00,84.38,85.49,82.82,84.75,839756.204
2026-02-20 20:00:00,84.75,85.23,84.12,84.67,296827.217
2026-02-21 00:00:00,84.68,85.03,84.24,84.35,244834.547
2026-02-21 04:00:00,84.35,84.78,83.97,84.24,191204.992
2026-02-21 08:00:00,84.24,85.7,84.19,85.4,253890.125
2026-02-21 12:00:00,85.4,86.72,85.0,86.58,560131.305
2026-02-21 16:00:00,86.59,86.72,85.82,86.22,273165.296
2026-02-21 20:00:00,86.21,86.21,85.12,85.17,257522.597
2026-02-22 00:00:00,85.17,85.6,84.73,85.08,373587.245
2026-02-22 04:00:00,85.08,85.58,84.81,85.24,156836.219
2026-02-22 08:00:00,85.25,85.47,84.87,85.27,189820.253
2026-02-22 12:00:00,85.28,85.33,82.98,83.5,605586.526
2026-02-22 16:00:00,83.49,83.63,82.82,83.3,206105.59
2026-02-22 20:00:00,83.3,83.71,82.48,82.79,266916.763
2026-02-23 00:00:00,82.8,82.85,77.28,77.66,1532442.0
2026-02-23 04:00:00,77.66,79.69,77.15,79.4,782254.487
2026-02-23 08:00:00,79.4,80.69,78.53,80.05,565368.231
2026-02-23 12:00:00,80.06,81.13,79.2,79.4,789672.182
2026-02-23 16:00:00,79.39,79.8,77.27,78.29,1029792.145
2026-02-23 20:00:00,78.28,78.92,77.63,77.9,463844.338
2026-02-24 00:00:00,77.91,78.53,75.74,76.87,803680.301
2026-02-24 04:00:00,76.88,77.36,76.11,76.84,639815.22
2026-02-24 08:00:00,76.85,77.2,76.0,76.77,350066.337
2026-02-24 12:00:00,76.78,77.49,75.63,77.3,738812.029
2026-02-24 16:00:00,77.3,78.51,77.23,78.38,555440.053
2026-02-24 20:00:00,78.38,79.62,78.12,78.99,505014.436
2026-02-25 00:00:00,78.99,82.99,78.73,81.75,1007253.967
2026-02-25 04:00:00,81.75,82.43,80.98,82.19,522305.824
2026-02-25 08:00:00,82.19,83.42,81.93,83.39,430794.95
2026-02-25 12:00:00,83.38,86.46,82.89,85.98,1251514.679
2026-02-25 16:00:00,85.98,89.65,85.97,89.43,1161364.348
2026-02-25 20:00:00,89.43,92.1,87.07,88.06,1259515.647
2026-02-26 00:00:00,88.05,89.27,87.53,87.95,809196.666
2026-02-26 04:00:00,87.95,89.05,87.22,87.24,460862.95
2026-02-26 08:00:00,87.24,88.71,86.6,86.82,466378.44
2026-02-26 12:00:00,86.82,88.26,85.27,86.56,621958.742
2026-02-26 16:00:00,86.57,86.75,84.34,86.47,737319.89
2026-02-26 20:00:00,86.47,86.87,85.73,85.91,261174.291
2026-02-27 00:00:00,85.91,87.82,85.19,87.63,331556.019
2026-02-27 04:00:00,87.63,88.29,86.81,87.31,371654.863
2026-02-27 08:00:00,87.31,87.93,83.35,83.59,631826.713
2026-02-27 12:00:00,83.59,83.76,81.95,82.7,917546.351
2026-02-27 16:00:00,82.7,82.7,81.11,81.57,655568.69
2026-02-27 20:00:00,81.57,82.11,80.32,81.85,462346.723
2026-02-28 00:00:00,81.84,82.27,81.55,81.74,195519.451
2026-02-28 04:00:00,81.75,81.9,77.12,78.71,1158965.034
2026-02-28 08:00:00,78.7,79.6,77.74,78.78,1076217.7
2026-02-28 12:00:00,78.78,81.51,78.59,80.92,972036.663
2026-02-28 16:00:00,80.91,82.91,80.5,82.21,612172.335
2026-02-28 20:00:00,82.22,85.65,81.97,84.35,722788.696
2026-03-01 00:00:00,84.35,88.9,84.25,88.02,1243291.938
2026-03-01 04:00:00,88.02,88.26,86.16,86.63,577621.131
2026-03-01 08:00:00,86.63,86.83,84.71,85.18,563401.528
2026-03-01 12:00:00,85.18,86.98,84.51,85.67,647556.015
2026-03-01 16:00:00,85.67,86.1,83.03,83.23,723186.569
2026-03-01 20:00:00,83.23,84.12,81.69,83.6,680137.041
2026-03-02 00:00:00,83.61,86.18,83.46,84.78,654789.29
2026-03-02 04:00:00,84.78,84.84,82.38,82.95,490483.056
2026-03-02 08:00:00,82.96,84.29,82.37,83.89,580427.612
2026-03-02 12:00:00,83.88,88.98,82.78,88.77,1522735.295
2026-03-02 16:00:00,88.77,90.29,86.39,87.65,1223343.144
2026-03-02 20:00:00,87.65,88.25,86.35,86.64,651654.863
2026-03-03 00:00:00,86.65,87.32,85.23,86.31,536255.51
2026-03-03 04:00:00,86.31,86.82,85.38,85.58,339964.675
2026-03-03 08:00:00,85.58,85.77,83.7,84.21,747390.113
2026-03-03 12:00:00,84.22,85.37,82.5,85.04,907184.577
2026-03-03 16:00:00,85.03,87.34,84.15,85.08,1018149.72
2026-03-03 20:00:00,85.08,87.46,84.17,86.97,587798.15
2026-03-04 00:00:00,86.98,88.08,85.18,85.77,729459.902
2026-03-04 04:00:00,85.77,87.52,84.78,87.43,656759.196
2026-03-04 08:00:00,87.43,91.48,86.98,89.76,1680856.748
2026-03-04 12:00:00,89.76,93.12,88.69,92.94,1507049.042
2026-03-04 16:00:00,92.94,94.05,90.66,93.19,1058973.473
2026-03-04 20:00:00,93.19,93.76,90.29,90.85,696833.022
2026-03-05 00:00:00,90.86,91.42,89.61,90.03,547049.008
2026-03-05 04:00:00,90.03,91.32,89.7,90.16,403516.555
2026-03-05 08:00:00,90.16,92.96,89.66,91.84,704543.868
2026-03-05 12:00:00,91.84,92.22,88.8,89.62,1029533.684
2026-03-05 16:00:00,89.61,89.63,87.91,88.73,747026.381
2026-03-05 20:00:00,88.72,89.85,88.54,88.77,322041.112
2026-03-06 00:00:00,88.78,89.31,88.02,88.41,424326.71
2026-03-06 04:00:00,88.4,88.92,87.51,88.7,305640.223
2026-03-06 08:00:00,88.7,88.7,87.1,87.26,362070.476
2026-03-06 12:00:00,87.25,87.27,83.96,84.65,1218389.068
2026-03-06 16:00:00,84.65,85.9,83.64,85.21,582148.305
2026-03-06 20:00:00,85.21,85.47,84.44,84.7,242749.86
2026-03-07 00:00:00,84.69,85.07,84.32,84.52,227206.854
2026-03-07 04:00:00,84.53,84.56,83.9,84.32,234003.859
2026-03-07 08:00:00,84.33,84.91,84.12,84.66,213056.237
2026-03-07 12:00:00,84.66,84.78,83.42,83.75,272791.659
2026-03-07 16:00:00,83.75,84.08,82.28,82.53,362868.503
2026-03-07 20:00:00,82.52,83.32,82.51,83.22,155354.609
2026-03-08 00:00:00,83.22,83.49,82.11,82.34,256730.791
2026-03-08 04:00:00,82.34,83.1,81.74,82.95,262761.984
2026-03-08 08:00:00,82.95,84.13,82.51,82.81,340229.954
2026-03-08 12:00:00,82.81,83.01,81.18,82.06,444407.118
2026-03-08 16:00:00,82.06,82.65,81.31,82.49,243031.142
2026-03-08 20:00:00,82.48,82.96,80.26,81.59,555804.698
2026-03-09 00:00:00,81.6,84.5,81.54,83.16,588325.344
2026-03-09 04:00:00,83.16,84.61,82.33,83.18,470418.806
2026-03-09 08:00:00,83.18,84.6,82.94,83.59,501694.054
2026-03-09 12:00:00,83.58,85.75,83.41,85.05,740176.324
2026-03-09 16:00:00,85.05,87.06,84.26,85.97,726667.975
2026-03-09 20:00:00,85.97,86.36,84.84,84.96,566774.786
2026-03-10 00:00:00,84.95,86.91,84.83,85.55,537148.656
2026-03-10 04:00:00,85.56,86.99,85.41,86.7,471249.533
2026-03-10 08:00:00,86.71,87.67,86.58,86.79,532840.809
2026-03-10 12:00:00,86.8,88.61,84.91,88.33,987019.813
2026-03-10 16:00:00,88.34,88.8,85.66,86.02,702767.198
2026-03-10 20:00:00,86.01,86.44,85.01,85.88,412869.125
2026-03-11 00:00:00,85.88,86.28,85.48,85.63,286257.991
2026-03-11 04:00:00,85.63,86.88,85.14,85.45,376050.498
2026-03-11 08:00:00,85.44,85.61,84.39,84.55,403509.896
2026-03-11 12:00:00,84.54,87.4,84.36,85.4,997150.052
2026-03-11 16:00:00,85.41,88.09,85.3,87.29,833058.365
2026-03-11 20:00:00,87.28,87.94,86.46,86.58,286148.937
2026-03-12 00:00:00,86.58,86.78,84.72,85.01,357699.785
2026-03-12 04:00:00,85.02,85.9,84.89,85.82,319771.496
2026-03-12 08:00:00,85.82,87.13,85.39,86.79,448496.154
2026-03-12 12:00:00,86.8,87.69,85.12,86.58,987466.441
2026-03-12 16:00:00,86.57,87.09,85.68,86.8,507906.054
2026-03-12 20:00:00,86.79,87.23,85.96,86.84,292341.218
2026-03-13 00:00:00,86.83,91.14,86.71,89.69,1419913.112
2026-03-13 04:00:00,89.7,89.74,88.15,88.68,486847.852
2026-03-13 08:00:00,88.68,90.45,88.32,90.33,589014.79
2026-03-13 12:00:00,90.32,92.98,89.3,89.49,1453108.688
2026-03-13 16:00:00,89.49,90.15,88.37,88.92,611464.125
2026-03-13 20:00:00,88.91,89.16,87.73,88.18,380030.05
2026-03-14 00:00:00,88.17,88.62,87.79,88.4,276797.775
2026-03-14 04:00:00,88.4,88.71,86.92,87.33,331874.026
2026-03-14 08:00:00,87.32,87.55,86.51,86.96,283476.778
2026-03-14 12:00:00,86.95,87.36,86.63,86.72,244066.447
2026-03-14 16:00:00,86.72,87.13,86.62,87.0,122777.32
2026-03-14 20:00:00,87.01,88.16,86.87,88.03,239150.693
2026-03-15 00:00:00,88.04,88.65,87.58,87.86,272238.602
2026-03-15 04:00:00,87.86,88.66,87.85,88.22,284899.88
2026-03-15 08:00:00,88.22,88.88,88.14,88.55,190655.217
2026-03-15 12:00:00,88.56,88.56,87.36,87.9,258089.751
2026-03-15 16:00:00,87.9,88.8,87.45,88.19,265335.37
2026-03-15 20:00:00,88.19,93.23,87.98,92.3,1343328.285
2026-03-16 00:00:00,92.31,94.0,91.18,93.16,1014325.143
2026-03-16 04:00:00,93.17,94.32,92.94,93.56,975084.337
2026-03-16 08:00:00,93.56,94.02,92.57,93.75,452990.408
2026-03-16 12:00:00,93.75,95.13,92.37,93.2,1523871.554
2026-03-16 16:00:00,93.2,95.48,93.13,95.21,833015.474
2026-03-16 20:00:00,95.21,97.68,95.06,96.2,822363.705
2026-03-17 00:00:00,96.19,96.95,93.71,94.07,824181.768
2026-03-17 04:00:00,94.07,94.66,93.2,94.44,389934.678
2026-03-17 08:00:00,94.43,95.09,93.25,93.66,414284.95
2026-03-17 12:00:00,93.67,95.13,93.15,93.82,523337.729
2026-03-17 16:00:00,93.82,95.59,93.72,94.67,396165.869
2026-03-17 20:00:00,94.66,95.62,94.41,94.62,285652.592
2026-03-18 00:00:00,94.61,95.65,94.1,95.05,254699.64
2026-03-18 04:00:00,95.06,95.12,93.72,93.95,325950.604
2026-03-18 08:00:00,93.95,94.44,91.82,92.0,645779.016
2026-03-18 12:00:00,92.0,92.03,88.55,89.37,1121595.202
2026-03-18 16:00:00,89.36,90.86,88.61,89.71,634508.742
2026-03-18 20:00:00,89.7,90.62,88.99,90.08,311328.354
2026-03-19 00:00:00,90.07,91.41,89.79,90.74,271818.87
2026-03-19 04:00:00,90.74,90.74,88.63,89.42,447543.098
2026-03-19 08:00:00,89.41,90.48,89.09,89.62,348118.639
2026-03-19 12:00:00,89.62,89.62,87.15,87.63,769220.355
2026-03-19 16:00:00,87.63,89.26,87.0,88.72,521449.916
2026-03-19 20:00:00,88.71,89.32,88.37,88.89,251392.046
2026-03-20 00:00:00,88.9,89.8,88.87,89.57,325453.515
2026-03-20 04:00:00,89.57,89.75,88.5,89.37,281203.173
2026-03-20 08:00:00,89.38,90.45,88.61,89.15,528038.845
2026-03-20 12:00:00,89.15,89.73,88.51,88.94,539218.064
2026-03-20 16:00:00,88.94,89.23,88.13,88.99,258041.825
2026-03-20 20:00:00,88.99,90.26,88.65,89.84,269456.116
2026-03-21 00:00:00,89.85,90.65,89.73,90.45,161696.72
2026-03-21 04:00:00,90.45,90.81,89.91,90.12,243992.038
2026-03-21 08:00:00,90.12,90.4,89.81,89.94,153713.834
2026-03-21 12:00:00,89.95,90.42,89.39,89.82,175297.226
2026-03-21 16:00:00,89.83,90.0,89.41,89.79,113940.456
2026-03-21 20:00:00,89.8,90.29,87.14,87.56,393204.951
2026-03-22 00:00:00,87.55,89.17,86.26,88.68,697228.294
2026-03-22 04:00:00,88.67,89.2,87.67,87.7,270478.481
2026-03-22 08:00:00,87.7,87.74,86.84,86.85,303964.7
2026-03-22 12:00:00,86.84,87.74,86.82,87.57,205979.156
2026-03-22 16:00:00,87.58,87.71,86.51,86.86,197027.511
2026-03-22 20:00:00,86.87,87.19,85.14,86.2,463408.989
2026-03-23 00:00:00,86.21,87.22,85.47,86.4,318814.595
2026-03-23 04:00:00,86.39,87.33,85.11,85.99,494882.939
2026-03-23 08:00:00,86.0,91.93,85.19,88.78,1467214.378
2026-03-23 12:00:00,88.78,92.26,88.33,89.95,1147241.977
2026-03-23 16:00:00,89.96,91.9,89.4,91.39,802182.925
2026-03-23 20:00:00,91.38,92.02,90.98,91.43,331369.574
2026-03-24 00:00:00,91.44,91.68,89.96,90.35,323535.987
2026-03-24 04:00:00,90.34,91.89,89.99,91.72,371099.482
2026-03-24 08:00:00,91.71,92.22,91.12,91.77,507240.51
2026-03-24 12:00:00,91.78,91.86,88.7,89.74,986008.491
2026-03-24 16:00:00,89.74,89.98,88.42,88.52,451039.88
2026-03-24 20:00:00,88.53,91.13,88.51,90.8,447118.176
2026-03-25 00:00:00,90.8,91.95,90.71,91.69,372289.689
2026-03-25 04:00:00,91.69,92.96,91.59,91.81,636566.52
2026-03-25 08:00:00,91.82,93.47,91.82,92.99,511796.134
2026-03-25 12:00:00,92.99,93.43,91.0,91.77,567696.94
2026-03-25 16:00:00,91.77,92.73,91.4,91.75,320002.539
2026-03-25 20:00:00,91.76,91.96,91.03,91.7,244182.976
2026-03-26 00:00:00,91.7,91.98,90.61,91.07,238387.623
2026-03-26 04:00:00,91.07,91.08,88.81,89.1,823846.485
2026-03-26 08:00:00,89.1,89.11,87.45,87.58,622106.806
2026-03-26 12:00:00,87.58,88.24,86.73,87.54,607964.695
2026-03-26 16:00:00,87.53,87.73,85.45,85.48,570992.644
2026-03-26 20:00:00,85.48,87.14,85.45,86.53,702894.483
2026-03-27 00:00:00,86.52,87.04,86.19,86.42,234021.696
2026-03-27 04:00:00,86.42,86.75,85.69,85.92,436318.572
2026-03-27 08:00:00,85.92,86.14,82.63,83.39,940535.152
2026-03-27 12:00:00,83.39,84.03,82.5,83.35,600075.642
2026-03-27 16:00:00,83.36,83.44,81.86,82.81,428188.403
2026-03-27 20:00:00,82.81,83.14,82.38,83.11,201422.605
2026-03-28 00:00:00,83.11,83.11,82.25,82.6,167036.242
2026-03-28 04:00:00,82.6,83.67,82.38,83.62,226948.916
2026-03-28 08:00:00,83.62,83.73,82.69,82.94,293830.464
2026-03-28 12:00:00,82.94,84.29,82.6,83.83,587986.457
2026-03-28 16:00:00,83.84,83.95,83.04,83.28,158735.499
2026-03-28 20:00:00,83.28,83.52,81.69,82.09,232472.521
2026-03-29 00:00:00,82.09,83.24,81.87,83.0,181670.454
2026-03-29 04:00:00,83.01,83.04,82.23,82.45,208371.618
2026-03-29 08:00:00,82.45,82.84,81.98,82.58,188587.206
2026-03-29 12:00:00,82.59,82.65,81.36,81.81,242466.942
2026-03-29 16:00:00,81.82,82.12,81.12,81.62,159921.606
2026-03-29 20:00:00,81.62,82.23,78.96,81.44,643655.649
2026-03-30 00:00:00,81.45,83.94,81.15,83.27,697702.3
2026-03-30 04:00:00,83.27,84.26,83.26,84.02,448198.483
2026-03-30 08:00:00,84.01,84.88,83.55,84.24,513690.869
2026-03-30 12:00:00,84.25,84.99,83.65,84.51,511038.502
2026-03-30 16:00:00,84.5,84.55,81.96,82.39,511840.073
2026-03-30 20:00:00,82.38,83.68,82.14,82.54,343384.46
2026-03-31 00:00:00,82.55,84.62,82.15,83.6,444423.076
2026-03-31 04:00:00,83.6,83.91,82.68,83.1,414755.16
2026-03-31 08:00:00,83.1,83.35,80.08,80.85,1334193.196
2026-03-31 12:00:00,80.85,82.59,80.4,80.86,929630.909
2026-03-31 16:00:00,80.87,83.47,80.87,82.7,774479.722
2026-03-31 20:00:00,82.7,83.4,82.33,83.2,375085.363
2026-04-01 00:00:00,83.19,83.58,82.48,83.43,401305.617
2026-04-01 04:00:00,83.44,84.74,83.26,83.84,578648.401
2026-04-01 08:00:00,83.84,84.06,83.07,83.37,412603.121
2026-04-01 12:00:00,83.37,83.88,82.4,83.63,694205.461
2026-04-01 16:00:00,83.62,86.65,83.08,83.82,1336245.808
2026-04-01 20:00:00,83.83,83.88,80.77,81.18,1253727.712
2026-04-02 00:00:00,81.19,81.77,78.3,79.01,1419298.545
2026-04-02 04:00:00,79.01,79.67,78.62,79.65,516514.988
2026-04-02 08:00:00,79.64,79.64,78.2,78.31,411747.946
2026-04-02 12:00:00,78.32,79.73,76.7,79.03,1100370.689
2026-04-02 16:00:00,79.03,79.88,78.43,78.98,499900.651
2026-04-02 20:00:00,78.99,79.37,78.63,78.94,262191.444
2026-04-03 00:00:00,78.95,79.79,78.85,79.0,367179.718
2026-04-03 04:00:00,79.0,80.16,78.99,79.96,358252.999
2026-04-03 08:00:00,79.96,80.47,79.64,80.18,386244.728
2026-04-03 12:00:00,80.18,80.91,79.17,80.33,501254.565
2026-04-03 16:00:00,80.33,80.67,79.87,80.21,353827.74
2026-04-03 20:00:00,80.21,80.73,79.92,80.4,264079.99
2026-04-04 00:00:00,80.39,80.42,80.06,80.18,206139.619
2026-04-04 04:00:00,80.18,80.54,80.11,80.32,130479.24
2026-04-04 08:00:00,80.32,80.4,79.92,80.21,146135.046
2026-04-04 12:00:00,80.2,81.61,79.57,81.1,445163.652
2026-04-04 16:00:00,81.1,81.35,80.61,80.85,331318.144
2026-04-04 20:00:00,80.86,81.06,80.62,80.83,303695.066
2026-04-05 00:00:00,80.84,80.85,80.37,80.55,122141.938
2026-04-05 04:00:00,80.55,80.58,79.41,79.6,317730.245
2026-04-05 08:00:00,79.59,80.24,79.54,79.9,158236.781
2026-04-05 12:00:00,79.91,80.33,78.52,79.6,389250.698
2026-04-05 16:00:00,79.59,80.23,79.37,79.83,205479.261
2026-04-05 20:00:00,79.83,82.13,79.1,81.89,539599.635
2026-04-06 00:00:00,81.89,82.97,81.66,82.11,683999.279
2026-04-06 04:00:00,82.11,82.34,80.97,81.82,343134.992
2026-04-06 08:00:00,81.83,83.2,81.71,82.45,497756.751
2026-04-06 12:00:00,82.44,82.81,81.73,82.27,427565.337
2026-04-06 16:00:00,82.28,82.48,81.19,81.9,348382.08
2026-04-06 20:00:00,81.91,82.15,79.6,80.03,429532.125
2026-04-07 00:00:00,80.03,80.23,79.38,79.8,361044.768
2026-04-07 04:00:00,79.8,80.17,79.31,79.87,303809.312
2026-04-07 08:00:00,79.87,80.59,78.95,79.21,497100.401
2026-04-07 12:00:00,79.22,79.39,78.38,78.86,531566.964
2026-04-07 16:00:00,78.86,81.83,78.65,81.63,851596.331
2026-04-07 20:00:00,81.63,87.02,81.63,85.56,1767480.744
2026-04-08 00:00:00,85.56,85.9,84.26,84.56,580400.661
2026-04-08 04:00:00,84.56,85.03,83.89,84.5,451678.961
2026-04-08 08:00:00,84.51,84.98,84.11,84.45,393181.293
2026-04-08 12:00:00,84.46,84.98,82.51,83.34,873601.939
2026-04-08 16:00:00,83.33,84.18,82.77,83.19,341350.333
2026-04-08 20:00:00,83.19,83.61,82.24,82.57,312545.361
2026-04-09 00:00:00,82.56,82.67,81.7,82.03,466965.456
2026-04-09 04:00:00,82.02,82.48,81.74,82.29,236036.434
2026-04-09 08:00:00,82.29,82.71,82.03,82.18,228031.465
2026-04-09 12:00:00,82.18,83.94,81.4,83.75,526295.677
2026-04-09 16:00:00,83.75,84.7,82.92,84.17,744217.355
2026-04-09 20:00:00,84.16,85.95,83.15,83.33,574381.242
2026-04-10 00:00:00,83.33,83.79,82.62,82.9,336956.631
2026-04-10 04:00:00,82.89,83.59,82.86,82.95,251334.434
2026-04-10 08:00:00,82.95,83.74,82.7,83.52,432782.004
2026-04-10 12:00:00,83.52,85.58,83.36,84.24,693351.471
2026-04-10 16:00:00,84.25,85.47,84.14,85.44,255382.959
2026-04-10 20:00:00,85.45,85.67,84.65,84.83,216270.844
2026-04-11 00:00:00,84.83,84.93,84.31,84.4,151906.978
2026-04-11 04:00:00,84.4,84.62,83.87,84.28,195743.598
2026-04-11 08:00:00,84.27,84.8,83.8,84.24,206226.416
2026-04-11 12:00:00,84.24,84.88,83.84,84.66,308568.982
2026-04-11 16:00:00,84.67,86.26,84.6,86.01,413520.982
2026-04-11 20:00:00,86.01,86.19,84.52,84.93,294934.927
2026-04-12 00:00:00,84.94,85.0,81.84,82.33,630649.642
2026-04-12 04:00:00,82.32,82.5,82.06,82.27,232256.931
2026-04-12 08:00:00,82.28,82.41,81.92,82.22,260332.784
2026-04-12 12:00:00,82.21,82.56,81.27,81.59,518788.007
2026-04-12 16:00:00,81.59,82.32,81.53,81.99,166707.057
2026-04-12 20:00:00,81.98,82.88,81.27,81.53,366057.445
2026-04-13 00:00:00,81.54,82.44,81.4,81.91,244773.3
2026-04-13 04:00:00,81.9,82.6,81.54,82.17,216328.764
2026-04-13 08:00:00,82.17,82.32,81.64,81.86,291426.641
2026-04-13 12:00:00,81.86,83.82,81.82,82.65,681567.622
2026-04-13 16:00:00,82.66,84.25,82.34,84.09,492483.876
2026-04-13 20:00:00,84.09,86.81,83.81,86.51,1023810.212
2026-04-14 00:00:00,86.51,86.75,85.37,86.05,677256.664
2026-04-14 04:00:00,86.05,86.2,85.43,85.88,365505.31
2026-04-14 08:00:00,85.88,86.56,85.6,85.78,454441.147
2026-04-14 12:00:00,85.78,87.67,85.25,85.95,992259.414
2026-04-14 16:00:00,85.95,86.17,83.71,83.95,570744.162
2026-04-14 20:00:00,83.94,84.14,83.3,83.72,472777.995
2026-04-15 00:00:00,83.72,84.06,83.13,83.45,493483.224
2026-04-15 04:00:00,83.45,83.79,82.65,82.92,363848.672
2026-04-15 08:00:00,82.92,83.68,82.71,83.61,346599.964
2026-04-15 12:00:00,83.6,84.49,83.21,84.0,520359.073
2026-04-15 16:00:00,84.0,85.83,83.9,85.51,487544.423
2026-04-15 20:00:00,85.51,85.59,84.18,84.9,390613.237
2026-04-16 00:00:00,84.9,85.58,84.45,85.28,269928.529
2026-04-16 04:00:00,85.29,85.71,84.99,85.21,242302.556
2026-04-16 08:00:00,85.21,85.51,84.64,85.07,357699.712
2026-04-16 12:00:00,85.07,87.13,83.8,86.62,1057312.109
2026-04-16 16:00:00,86.62,90.16,85.63,90.1,1361241.194
2026-04-16 20:00:00,90.1,90.53,88.72,89.05,651807.241
2026-04-17 00:00:00,89.06,89.19,87.48,87.72,366515.357
2026-04-17 04:00:00,87.73,88.47,87.36,88.12,351013.876
2026-04-17 08:00:00,88.13,89.53,87.34,88.21,651630.781
2026-04-17 12:00:00,88.22,90.73,87.91,89.95,2089964.551
2026-04-17 16:00:00,89.95,90.59,88.88,89.23,489309.488
2026-04-17 20:00:00,89.24,89.47,88.5,88.76,288774.335
2026-04-18 00:00:00,88.77,89.16,88.23,88.33,197626.431
2026-04-18 04:00:00,88.34,88.64,88.16,88.45,306769.028
2026-04-18 08:00:00,88.45,88.5,86.28,86.53,630736.902
2026-04-18 12:00:00,86.54,86.98,86.41,86.75,295960.577
2026-04-18 16:00:00,86.75,86.98,85.78,86.13,278680.98
2026-04-18 20:00:00,86.12,86.46,85.92,86.16,183416.625
2026-04-19 00:00:00,86.15,86.38,85.24,85.6,230818.522
2026-04-19 04:00:00,85.6,85.96,84.43,84.88,430382.114
2026-04-19 08:00:00,84.88,85.71,84.44,85.6,456198.773
2026-04-19 12:00:00,85.61,87.12,85.55,86.36,552970.961
2026-04-19 16:00:00,86.35,86.5,84.88,85.33,349741.831
2026-04-19 20:00:00,85.33,85.35,82.94,83.47,574736.864
2026-04-20 00:00:00,83.47,84.62,83.34,84.59,328650.349
2026-04-20 04:00:00,84.59,85.76,83.75,84.73,386047.821
2026-04-20 08:00:00,84.74,85.4,84.57,85.07,305061.638
2026-04-20 12:00:00,85.06,85.88,84.42,85.86,624252.687
2026-04-20 16:00:00,85.86,86.22,85.25,85.8,374667.838
2026-04-20 20:00:00,85.8,86.21,85.21,85.28,281666.417
2026-04-21 00:00:00,85.29,85.83,85.0,85.17,255983.805
2026-04-21 04:00:00,85.17,85.98,85.02,85.71,318885.851
2026-04-21 08:00:00,85.71,86.38,85.52,85.85,256797.071
2026-04-21 12:00:00,85.85,86.89,85.17,86.05,449581.749
2026-04-21 16:00:00,86.05,86.3,84.31,84.57,441499.185
2026-04-21 20:00:00,84.57,86.13,84.43,86.03,388839.608
2026-04-22 00:00:00,86.04,87.87,86.01,87.24,584800.391
2026-04-22 04:00:00,87.25,88.33,86.97,88.05,615570.181
2026-04-22 08:00:00,88.06,88.88,87.6,88.31,408342.684
2026-04-22 12:00:00,88.31,89.32,88.22,88.89,488718.212
2026-04-22 16:00:00,88.19,88.46,87.53,88.19,312844.445
